1e-09,0.497270518958215,0.252736931083626,0.249992549958159,0.249992549958159,0.247277969000056,0.999999999797393
1.02807322383086e-09,0.497194482664379,0.252813388237528,0.249992129098093,0.249992129098093,0.247202353566286,0.999999999791773
1.05693455355799e-09,0.497116345137122,0.252891970301916,0.249991684560962,0.249991684560962,0.24712466057616,0.999999999786
1.0866061138546e-09,0.49703604927064,0.252972735706219,0.24999121502314,0.24999121502314,0.2470448342475,0.999999999780068
1.11711065050482e-09,0.496953536461759,0.253055744450508,0.249990719087734,0.249990719087734,0.246962817374025,0.999999999773975
1.14847154784029e-09,0.496868746573794,0.253141058145624,0.249990195280582,0.249990195280582,0.246878551293211,0.999999999767714
1.18071284666619e-09,0.496781617899727,0.253228740054215,0.249989642046058,0.249989642046058,0.246791975853669,0.999999999761283
1.21385926269063e-09,0.496692087124686,0.253318855132681,0.249989057742633,0.249989057742633,0.246703029382054,0.999999999754676
1.24793620547131e-09,0.496600089287737,0.253411470074046,0.249988440638217,0.249988440638217,0.24661164864952,0.99999999974789
1.28296979789415e-09,0.49650555774298,0.253506653351771,0.249987788905249,0.249987788905249,0.246517768837732,0.999999999740918
1.31898689619867e-09,0.496408424119959,0.253604475264514,0.249987100615527,0.249987100615527,0.246421323504432,0.999999999733756
1.35601511056563e-09,0.496308618283377,0.253705007981855,0.249986373734769,0.249986373734769,0.246322244548608,0.9999999997264
1.39408282628258e-09,0.496206068292128,0.253808325590987,0.249985606116885,0.249985606116885,0.246220462175243,0.999999999718844
1.43321922550358e-09,0.496100700357652,0.25391450414439,0.249984795497957,0.249984795497957,0.246115904859695,0.999999999711082
1.47345430961984e-09,0.495992438801608,0.254023621708497,0.249983939489895,0.249983939489895,0.246008499311712,0.99999999970311
1.51481892225835e-09,0.49588120601288,0.25413575841335,0.24998303557377,0.24998303557377,0.245898170439111,0.999999999694922
1.55734477292614e-09,0.495766922403932,0.254250996503273,0.249982081092796,0.249982081092796,0.245784841311136,0.999999999686512
1.60106446131832e-09,0.4956495063665,0.254369420388544,0.249981073244956,0.249981073244956,0.245668433121543,0.999999999677875
1.64601150230855e-09,0.495528874226662,0.254491116698096,0.249980009075242,0.249980009075242,0.24554886515142,0.999999999669005
1.69222035164104e-09,0.495404940199279,0.254616174333229,0.249978885467493,0.249978885467492,0.245426054731786,0.999999999659895
1.7397264323438e-09,0.495277616341826,0.25474468452235,0.249977699135824,0.249977699135824,0.245299917206003,0.99999999965054
1.78856616188346e-09,0.495146812507648,0.254876740876743,0.249976446615609,0.249976446615609,0.245170365892039,0.999999999640932
1.83877698008233e-09,0.49501243629863,0.25501243944736,0.24997512425401,0.249975124254009,0.245037312044621,0.999999999631066
1.89039737781922e-09,0.494874393017342,0.25515187878264,0.249973728200018,0.249973728200018,0.244900664817324,0.999999999620936
1.94346692653602e-09,0.494732585618651,0.255295159987345,0.249972254394003,0.249972254394003,0.244760331224648,0.999999999610533
1.99802630857255e-09,0.494586914660849,0.255442386782426,0.249970698556725,0.249970698556725,0.244616216104124,0.999999999599852
2.05411734835306e-09,0.494437278256316,0.255593665565885,0.249969056177799,0.249969056177799,0.244468222078517,0.999999999588885
2.11178304444824e-09,0.494283572021765,0.255749105474647,0.249967322503588,0.249967322503588,0.244316249518178,0.999999999577625
2.17106760253726e-09,0.494125689028089,0.255908818447427,0.249965492524484,0.249965492524484,0.244160196503606,0.999999999566064
2.23201646929523e-09,0.493963519749866,0.256072919288565,0.249963560961569,0.249963560961569,0.243999958788297,0.999999999554196
2.29467636723194e-09,0.493796952014555,0.256241525732833,0.249961522252612,0.249961522252612,0.243835429761943,0.999999999542011
2.35909533050864e-09,0.493625870951442,0.256414758511179,0.249959370537379,0.249959370537379,0.243666500414064,0.999999999529503
2.42532274176036e-09,0.493450158940375,0.256592741417397,0.249957099642228,0.249957099642228,0.243493059298146,0.999999999516664
2.49340936995188e-09,0.493269695560352,0.25677560137569,0.249954703063958,0.249954703063958,0.243314992496394,0.999999999503483
2.56340740929651e-09,0.493084357538023,0.256963468509111,0.249952173952866,0.249952173952866,0.243132183585157,0.999999999489955
2.63537051926739e-09,0.492894018696165,0.257156476208831,0.249949505095004,0.249949505095004,0.242944513601161,0.99999999947607
2.70935386573205e-09,0.492698549902205,0.257354761204215,0.24994668889358,0.24994668889358,0.242751861008626,0.999999999461818
2.78541416324176e-09,0.492497819016863,0.257558463633665,0.249943717349472,0.249943717349472,0.242554101667391,0.999999999447192
2.86360971850811e-09,0.492291690842991,0.257767727116176,0.249940582040833,0.249940582040833,0.242351108802158,0.999999999432181
2.94400047510004e-09,0.49208002707471,0.257982698823566,0.249937274101725,0.249937274101725,0.242142752972985,0.999999999416778
3.0266480593957e-09,0.491862686246908,0.258203529553322,0.249933784199769,0.249933784199769,0.241928902047139,0.999999999400971
3.11161582782436e-09,0.491639523685228,0.258430373802017,0.249930102512755,0.249930102512755,0.241709421172473,0.999999999384751
3.19896891543454e-09,0.491410391456621,0.258663389839207,0.249926218704172,0.249926218704172,0.241484172752448,0.99999999936811
3.28877428582551e-09,0.491175138320594,0.258902739781771,0.249922121897635,0.249922121897635,0.24125301642296,0.999999999351035
3.38110078248068e-09,0.490933609681266,0.259148589668595,0.249917800650138,0.249917800650139,0.241015809031128,0.999999999333518
3.47601918154197e-09,0.490685647540341,0.259401109535535,0.249913242924124,0.249913242924124,0.240772404616218,0.999999999315547
3.57360224606578e-09,0.490431090451156,0.259660473490551,0.249908436058292,0.249908436058292,0.240522654392864,0.999999999297112
3.67392478180208e-09,0.490169773473916,0.259926859788947,0.249903366737137,0.249903366737137,0.240266406736779,0.999999999278203
3.77706369453937e-09,0.489901528132282,0.260200450908579,0.249898020959139,0.249898020959139,0.240003507173143,0.999999999258807
3.88309804905961e-09,0.489626182371458,0.26048143362495,0.249892384003592,0.249892384003592,0.239733798367866,0.999999999238914
3.99210912974805e-09,0.489343560517943,0.260769999086059,0.249886440395998,0.249886440395998,0.239457120121945,0.999999999218513
4.10418050290471e-09,0.489053483241119,0.261066342886878,0.249880173872002,0.249880173872002,0.239173309369117,0.999999999197591
4.21939808080502e-09,0.488755767516857,0.261370665143327,0.249873567339816,0.249873567339816,0.238882200177041,0.999999999176137
4.33785018755898e-09,0.488450226593331,0.261683170565591,0.249866602841078,0.249866602841078,0.238583623752253,0.999999999154139
4.45962762681909e-09,0.48813666995924,0.262004068530643,0.249859261510118,0.249859261510118,0.238277408449122,0.999999999131584
4.58482375138911e-09,0.487814903314645,0.262333573153783,0.249851523531572,0.249851523531572,0.237963379783073,0.999999999108461
4.71353453478692e-09,0.487484728544647,0.262671903359038,0.249843368096315,0.249843368096315,0.237641360448333,0.999999999084756
4.8458586448165e-09,0.487145943696123,0.263019282948228,0.249834773355649,0.249834773355649,0.237311170340474,0.999999999060457
4.98189751920517e-09,0.486798342957773,0.263375940668493,0.249825716373734,0.249825716373734,0.236972626584039,0.999999999035551
5.12175544336424e-09,0.486441716643715,0.263742110278088,0.249816173078197,0.249816173078197,0.236625543565519,0.999999999010026
5.26553963033276e-09,0.486075851180901,0.264118030610207,0.249806118208892,0.249806118208892,0.236269732972009,0.999999998983866
5.41336030296538e-09,0.485700529100609,0.26450394563461,0.249795525264781,0.249795525264781,0.235905003835829,0.99999999895706
5.56533077842764e-09,0.48531552903431,0.264900104516798,0.249784366448892,0.249784366448892,0.235531162585418,0.999999998929593
5.72156755506324e-09,0.484920625714182,0.265306761674487,0.249772612611331,0.249772612611331,0.235148013102851,0.999999998901451
5.88219040169997e-09,0.484515589978589,0.26572417683109,0.24976023319032,0.24976023319032,0.234755356788269,0.999999998872621
6.04732244946265e-09,0.484100188782832,0.266152615065926,0.249747196151242,0.249747196151242,0.23435299263159,0.999999998843089
6.21709028616383e-09,0.483674185215487,0.26659234686085,0.249733467923663,0.249733467923663,0.233940717291825,0.99999999881284
6.39162405334401e-09,0.483237338520674,0.26704364814299,0.249719013336336,0.249719013336336,0.233518325184338,0.99999999878186
6.57105754603627e-09,0.48278940412659,0.267506800323244,0.249703795550165,0.249703795550165,0.233085608576425,0.999999998750134
6.75552831533164e-09,0.482330133680667,0.267982090330203,0.24968777598913,0.24968777598913,0.232642357691536,0.999999998717649
6.94517777382369e-09,0.481859275091698,0.268469810639121,0.249670914269181,0.249670914269181,0.232188360822516,0.999999998684387
7.14015130401339e-09,0.481376572579321,0.268970259295567,0.249653168125113,0.249653168125113,0.231723404454208,0.999999998650337
7.3405983697572e-09,0.480881766731218,0.269483739933348,0.249634493335435,0.249634493335435,0.231247273395783,0.999999998615481
7.5466726308439e-09,0.480374594568425,0.270010561786301,0.249614843645274,0.249614843645274,0.230759750923151,0.999999998579805
7.75853206078784e-09,0.479854789619133,0.270551039693528,0.24959417068734,0.24959417068734,0.230260618931793,0.999999998543295
7.97633906792928e-09,0.479322082001375,0.271105494097621,0.249572423901004,0.249572423901004,0.229749658100371,0.999999998505934
8.20026061993413e-09,0.47877619851501,0.271674251035435,0.249549550449555,0.249549550449555,0.229226648065455,0.999999998467708
8.43046837178897e-09,0.478216862743377,0.27225764212093,0.249525495135693,0.249525495135693,0.228691367607684,0.999999998428601
8.66713879738922e-09,0.477643795165055,0.272856004519587,0.249500200315358,0.249500200315358,0.228143594849696,0.999999998388598
8.9104533248215e-09,0.4770567132761,0.273469680913925,0.249473605809975,0.249473605809975,0.227583107466125,0.999999998347683
9.16059847544369e-09,0.476455331723186,0.274099019459571,0.249445648817243,0.249445648817243,0.227009682905943,0.999999998305842
9.41776600686954e-09,0.475839362448019,0.274744373731402,0.249416263820579,0.249416263820579,0.226423098627441,0.99999999826306
9.6821530599671e-09,0.475208514843448,0.275406102659179,0.249385382497373,0.249385382497373,0.225823132346075,0.999999998219319
9.95396230998424e-09,0.474562495921623,0.276084570452173,0.249352933626204,0.249352933626204,0.225209562295419,0.999999998174607
1.02334021219164e-08,0.473901010494601,0.276780146512197,0.249318842993202,0.249318842993202,0.2245821675014,0.999999998128907
1.05206867102362e-08,0.473223761367749,0.277493205334509,0.249283033297742,0.249283033297742,0.223940728070007,0.999999998082205
1.08160363031071e-08,0.472530449546286,0.278224126396013,0.249245424057701,0.249245424057701,0.223285025488585,0.999999998034485
1.1119677311207e-08,0.471820774455313,0.278973294030185,0.249205931514502,0.249205931514502,0.222614842940811,0.999999997985733
1.14318425012915e-08,0.471094434173609,0.279741097288188,0.249164468538203,0.249164468538203,0.221929965635406,0.999999997935934
1.17527711746295e-08,0.470351125681513,0.280527929785567,0.24912094453292,0.24912094453292,0.221230181148592,0.999999997885074
1.20827093504478e-08,0.469590545123114,0.28133418953401,0.249075265342875,0.249075265342875,0.220515279780239,0.999999997833138
1.24219099545262e-08,0.468812388083007,0.282160278757594,0.249027333159399,0.249027333159399,0.219785054923608,0.999999997780112
1.27706330130864e-08,0.468016349877784,0.283006603692981,0.248977046429235,0.248977046429235,0.219039303448549,0.999999997725983
1.31291458521247e-08,0.46720212586243,0.283873574373051,0.248924299764519,0.248924299764519,0.218277826097911,0.999999997670736
1.34977233023394e-08,0.466369411751728,0.284761604393447,0.248868983854825,0.248868983854825,0.217500427896902,0.999999997614359
1.38766479098131e-08,0.46551790395675,0.285671110661544,0.248810985381706,0.248810985381706,0.216706918575044,0.999999997556839
1.42662101526074e-08,0.464647299936444,0.286602513127398,0.248750186936158,0.248750186936158,0.215897113000285,0.999999997498162
1.46667086634397e-08,0.463757298564279,0.287556234496225,0.248686466939496,0.248686466939496,0.215070831624784,0.999999997438317
1.50784504586105e-08,0.462847600509873,0.288532699922018,0.248619699568109,0.248619699568109,0.214227900941764,0.999999997377292
1.55017511733577e-08,0.461917908635421,0.289532336681947,0.248549754682633,0.248549754682633,0.213368153952788,0.999999997315075
1.59369353038178e-08,0.460967928406728,0.290555573831227,0.248476497762045,0.248476497762045,0.212491430644683,0.999999997251656
1.63843364557798e-08,0.459997368318546,0.291602841838185,0.248399789843269,0.248399789843269,0.211597578475277,0.999999997187022
1.68442976004231e-08,0.459005940333841,0.292674572199324,0.248319487466835,0.248319487466835,0.210686452867005,0.999999997121165
1.73171713372335e-08,0.45799336033657,0.293771197034221,0.248235442629209,0.248235442629209,0.209757917707361,0.999999997054075
1.78033201643011e-08,0.456959348597432,0.294893148660188,0.24814750274238,0.24814750274238,0.208811845855052,0.999999996985744
1.83031167562061e-08,0.455903630251985,0.29604085914667,0.248055510601346,0.248055510601346,0.207848119650639,0.999999996916161
1.88169442497056e-08,0.454825935790449,0.297214759849448,0.247959304360102,0.247959304360102,0.206866631430347,0.999999996845319
1.93451965374404e-08,0.453726001558407,0.298415280924789,0.247858717516804,0.247858717516804,0.205867284041603,0.999999996773211
1.98882785698881e-08,0.452603570267524,0.299642850823762,0.247753578908714,0.247753578908714,0.204849991358809,0.999999996699832
2.04466066657912e-08,0.451458391515335,0.300897895767058,0.247643712717607,0.247643712717607,0.203814678797728,0.999999996625173
2.10206088313016e-08,0.450290222313035,0.302180839200715,0.24752893848625,0.24752893848625,0.202761283826785,0.999999996549231
2.16107250880838e-08,0.449098827620105,0.303492101233283,0.247409071146612,0.247409071146612,0.201689756473493,0.999999996472001
2.22174078106288e-08,0.447883980884557,0.304832098055028,0.247283921060414,0.247283921060414,0.200600059824143,0.999999996393478
2.28411220730383e-08,0.446645464587429,0.306201241339933,0.247153294072638,0.247153294072638,0.19949217051479,0.99999999631366
2.34823460055428e-08,0.445383070790111,0.307599937631321,0.247016991578567,0.247016991578567,0.198366079211544,0.999999996232544
2.41415711610302e-08,0.444096601682992,0.309028587712072,0.246874810604936,0.246874810604936,0.197221791078055,0.999999996150129
2.48193028918626e-08,0.442785870133797,0.310487585960493,0.24672654390571,0.24672654390571,0.196059326228087,0.999999996066415
2.55160607372719e-08,0.441450700233958,0.311977319693056,0.246571980072985,0.246571980072985,0.194878720160973,0.9999999959814
2.62323788216312e-08,0.440090927841235,0.313498168495292,0.246410903663473,0.246410903663473,0.193680024177762,0.999999995895087
2.69688062639069e-08,0.438706401116762,0.315050503542283,0.246243095340955,0.246243095340955,0.192463305775807,0.999999995807476
2.77259075986048e-08,0.437296981054628,0.316634686910302,0.24606833203507,0.24606833203507,0.191228649019558,0.999999995718571
2.85042632085343e-08,0.435862542002037,0.318251070881245,0.245886387116718,0.245886387116718,0.189976154885319,0.999999995628376
2.93044697697214e-08,0.434402972168054,0.31989999724164,0.245697030590306,0.245697030590306,0.188705941577748,0.999999995536894
3.01271407088116e-08,0.432918174118908,0.321581796578099,0.245500029302993,0.245500029302993,0.187418144815915,0.99999999544413
3.09729066733141e-08,0.431408065257791,0.323296787571197,0.245295147171012,0.245295147171012,0.18611291808678,0.999999995350092
3.18424160150466e-08,0.429872578287083,0.325045276289855,0.245082145423062,0.245082145423062,0.184790432864021,0.999999995254785
3.27363352871525e-08,0.428311661650932,0.326827555488366,0.244860782860702,0.244860782860702,0.183450878790229,0.999999995158219
3.36553497550709e-08,0.426725279956123,0.328643903908323,0.244630816135554,0.244630816135554,0.18209446382057,0.9999999950604
3.46001639218511e-08,0.425113414369208,0.330494585587737,0.244392000043055,0.244392000043055,0.180721414326153,0.999999994961341
3.55715020682138e-08,0.423476062987877,0.332379849179712,0.244144087832411,0.244144087832411,0.179331975155465,0.99999999486105
3.65701088077749e-08,0.421813241184645,0.334299927283081,0.243886831532274,0.243886831532274,0.177926409652371,0.999999994759539
3.75967496578547e-08,0.420124981920959,0.33625503578744,0.243619982291601,0.243619982291601,0.176504999629358,0.99999999465682
3.86522116263126e-08,0.41841133602993,0.338245373235035,0.243343290735036,0.243343290735036,0.175068045294894,0.999999994552907
3.97373038148561e-08,0.416672372465978,0.340271120201958,0.243056507332064,0.243056507332064,0.173615865133914,0.999999994447812
4.08528580392857e-08,0.414908178519811,0.34233243870111,0.242759382779079,0.242759382779079,0.172148795740732,0.999999994341552
4.19997294671531e-08,0.413118859997235,0.344429471609341,0.242451668393424,0.242451668393424,0.170667191603811,0.999999994234141
4.31787972733202e-08,0.411304541360489,0.346562342121145,0.242133116518367,0.242133116518367,0.169171424842122,0.999999994125594
4.43909653139217e-08,0.409465365830894,0.348731153231239,0.241803480937868,0.241803480937868,0.167661884893026,0.99999999401593
4.56371628192476e-08,0.407601495451794,0.350935987248262,0.241462517299943,0.241462517299943,0.166138978151851,0.999999993905165
4.6918345106078e-08,0.405713111110931,0.35317690534175,0.241109983547319,0.241109983547319,0.164603127563612,0.999999993793318
4.82354943100147e-08,0.40380041252156,0.355453947124431,0.240745640354009,0.240745640354009,0.163054772167551,0.999999993680407
4.95896201383721e-08,0.401863618161835,0.357767130271767,0.240369251566398,0.240369251566398,0.161494366595438,0.999999993566451
5.09817606442043e-08,0.399902965172139,0.360116450180536,0.239980584647325,0.239980584647324,0.159922380524815,0.99999999345147
5.24129830220606e-08,0.397918709210278,0.362501879668077,0.239579411121645,0.239579411121645,0.158339298088633,0.999999993335486
5.38843844260822e-08,0.395911124264622,0.364923368713693,0.239165507021685,0.239165507021685,0.156745617242937,0.999999993218517
5.5397092811064e-08,0.393880502425517,0.367380844243495,0.238738653330988,0.238738653330988,0.155141849094529,0.999999993100586
5.69522677971282e-08,0.391827153615455,0.369874209959817,0.238298636424728,0.238298636424728,0.153528517190727,0.999999992981715
5.85511015586724e-08,0.389751405278728,0.372403346216108,0.237845248505164,0.237845248505163,0.151906156773565,0.999999992861924
6.01948197382727e-08,0.387653602031468,0.374968109938043,0.237378288030489,0.237378288030489,0.15027531400098,0.999999992741237
6.18846823862438e-08,0.385534105273172,0.377568334591343,0.236897560135485,0.236897560135485,0.148636545137686,0.999999992619675
6.3621984926575e-08,0.383393292761004,0.380203830196624,0.236402877042372,0.236402877042372,0.146990415718632,0.999999992497262
6.54080591499826e-08,0.381231558148341,0.382874383391361,0.235894058460298,0.235894058460298,0.145337499688043,0.999999992374021
6.72442742348425e-08,0.37904931048919,0.385579757538828,0.235370931971982,0.235370931971982,0.143678378517208,0.999999992249973
6.91320377967813e-08,0.376846973710274,0.388319692883699,0.234833333406027,0.234833333406028,0.142013640304246,0.999999992125143
7.10727969677341e-08,0.374624986052712,0.391093906753738,0.23428110719355,0.23428110719355,0.140343878859162,0.999999991999553
7.30680395052951e-08,0.372383799485374,0.393902093806839,0.233714106707787,0.233714106707787,0.138669692777586,0.999999991873227
7.51192949332097e-08,0.370123879092066,0.396743926322455,0.233132194585478,0.233132194585478,0.136991684506588,0.999999991746187
7.72281357138864e-08,0.367845702434858,0.399619054536272,0.23253524302887,0.23253524302887,0.135310459405988,0.999999991618456
7.93961784538228e-08,0.365549758895886,0.402527107016793,0.231923134087322,0.231923134087322,0.133626624808564,0.999999991490058
8.16250851428724e-08,0.363236549000087,0.405467691082347,0.231295759917566,0.231295759917566,0.13194078908252,0.999999991361013
8.39165644283016e-08,0.360906583721344,0.408440393256839,0.230653023021818,0.230653023021818,0.130253560699526,0.999999991231346
8.62723729246145e-08,0.358560383774546,0.411444779762451,0.229994836463003,0.229994836463003,0.128565547311544,0.999999991101078
8.8694316560147e-08,0.356198478896124,0.414480397047339,0.229321124056538,0.229321124056538,0.126877354839586,0.999999990970231
9.11842519614656e-08,0.35382140711557,0.417546772346267,0.228631820538164,0.228631820538164,0.125189586577406,0.999999990838826
9.374408787663e-08,0.351429714020494,0.420643414272014,0.227926871707492,0.227926871707492,0.123502842313002,0.999999990706885
9.63757866384109e-08,0.34902395201769,0.423769813435285,0.227206234547025,0.227206234547025,0.121817717470664,0.999999990574428
9.90813656685867e-08,0.346604679592658,0.426925443090815,0.226469877316527,0.226469877316527,0.120134802276131,0.999999990441476
1.01862899024469e-07,0.344172460569993,0.430109759807255,0.225717779622752,0.225717779622752,0.118454680947241,0.999999990308049
1.04722518988844e-07,0.341727863376937,0.43332220415843,0.224949932464633,0.224949932464633,0.116777930912303,0.999999990174165
1.07662417704549e-07,0.339271460312343,0.436562201433495,0.224166338254162,0.224166338254162,0.115105122058181,0.999999990039845
1.10684848854941e-07,0.336803826823191,0.439829162363536,0.223367010813273,0.223367010813273,0.113436816009918,0.999999989905106
1.13792129391531e-07,0.334325540790695,0.443122483862132,0.222551975347174,0.222551975347174,0.111773565443521,0.999999989769966
1.16986641310131e-07,0.331837181827927,0.446441549777446,0.221721268394627,0.221721268394627,0.1101159134333,0.999999989634443
1.20270833476851e-07,0.329339330590779,0.449785731653416,0.220874937755805,0.220874937755806,0.108464392834973,0.999999989498554
1.23647223505371e-07,0.326832568103934,0.453154389497663,0.220013042398403,0.220013042398404,0.10681952570553,0.999999989362315
1.27118399686903e-07,0.324317475103415,0.456546872553816,0.219135652342769,0.219135652342769,0.105181822760646,0.99999998922574
1.30687022974335e-07,0.321794631397141,0.459962520075966,0.218242848526892,0.218242848526892,0.103551782870249,0.999999989088847
1.34355829022083e-07,0.319264615244769,0.463400662103088,0.217334722652143,0.217334722652143,0.101929892592626,0.999999988951648
1.38127630283201e-07,0.316728002757991,0.466860620231315,0.216411377010694,0.216411377010694,0.100316625747297,0.999999988814159
1.42005318165368e-07,0.314185367322306,0.470341708382066,0.215472924295627,0.215472924295627,0.0987124430266789,0.999999988676391
1.45991865247398e-07,0.311637279041156,0.473843233564099,0.214519487394745,0.214519487394745,0.0971177916464104,0.999999988538358
1.50090327557974e-07,0.309084304203171,0.477364496627688,0.213551199169141,0.213551199169141,0.0955331050340293,0.999999988400071
1.54303846918356e-07,0.306527004773174,0.480904793009213,0.212568202217613,0.212568202217613,0.0939588025555615,0.999999988261543
1.58635653350859e-07,0.303965937907425,0.48446341346457,0.211570648628005,0.211570648628005,0.0923952892794192,0.999999988122783
1.63089067554933e-07,0.301401655493488,0.488039644789917,0.210558699716595,0.210558699716595,0.0908429557768932,0.999999987983803
1.6766750345277e-07,0.298834703715,0.49163277052839,0.209532525756609,0.209532525756609,0.0893021779583913,0.999999987844611
1.72374470806362e-07,0.296265622641474,0.495242071661528,0.208492305696998,0.208492305696998,0.0877733169444765,0.999999987705217
1.77213577908036e-07,0.29369494584319,0.498866827284278,0.207438226872533,0.207438226872533,0.0862567189706569,0.999999987565628
1.82188534346517e-07,0.291123200031124,0.502506315262547,0.206370484706329,0.206370484706329,0.0847527153247947,0.999999987425854
1.87303153850643e-07,0.288550904721765,0.506159812872399,0.205289282405835,0.205289282405835,0.0832616223159302,0.9999999872859
1.9256135721292e-07,0.285978571926587,0.509826597420076,0.204194830653337,0.204194830653337,0.0817837412732504,0.999999987145774
1.97967175295133e-07,0.283406705865858,0.513505946842166,0.203087347291976,0.203087347291976,0.0803193585738814,0.999999987005482
2.03524752118358e-07,0.280835802706405,0.517197140285329,0.201967057008266,0.201967057008266,0.0788687456981392,0.99999998686503
2.09238348039698e-07,0.278266350322888,0.520899458665069,0.200834191012043,0.200834191012043,0.0774321593108448,0.999999986724422
2.15112343018217e-07,0.275698828082045,0.524612185203191,0.199688986714764,0.199688986714764,0.0760098413672807,0.999999986583663
2.21151239972549e-07,0.273133706649372,0.528334605943612,0.198531687407016,0.198531687407016,0.0746020192423564,0.999999986442758
2.27359668232772e-07,0.2705714478176,0.532066010246341,0.197362541936059,0.197362541936059,0.0732089058815405,0.999999986301709
2.33742387089181e-07,0.268012504356321,0.535805691259478,0.196181804384201,0.196181804384201,0.0718306999721199,0.999999986160521
2.40304289440697e-07,0.26545731988208,0.539552946369195,0.194989733748725,0.194989733748725,0.0704675861333546,0.999999986019195
2.47050405545683e-07,0.262906328748196,0.543307077627719,0.193786593624085,0.193786593624085,0.0691197351241113,0.999999985877735
2.53985906878073e-07,0.260359955953588,0.547067392159401,0.192572651887011,0.192572651887011,0.0677873040665768,0.999999985736141
2.61116110091746e-07,0.257818617069822,0.550833202545039,0.191348180385138,0.191348180385138,0.0664704366846842,0.999999985594416
2.68446481096197e-07,0.255282718185624,0.554603827184659,0.190113454629716,0.190113454629716,0.0651692635559078,0.999999985452561
2.75982639246618e-07,0.252752655868048,0.558378590639026,0.188868753492925,0.188868753492925,0.063883902375123,0.999999985310577
2.83730361651621e-07,0.250228817139531,0.562156823950199,0.18761435891027,0.18761435891027,0.0626144582292617,0.999999985168464
2.91695587601879e-07,0.247711579470023,0.565937864941493,0.186350555588485,0.186350555588485,0.0613610238815381,0.999999985026222
2.99884423123102e-07,0.245201310783407,0.569721058497245,0.185077630719347,0.185077630719347,0.0601236800640602,0.999999984883852
3.08303145656828e-07,0.242698369477432,0.573505756822828,0.18379587369974,0.18379587369974,0.0589024957776919,0.999999984741352
3.16958208872612e-07,0.240203104456357,0.57729131968536,0.182505575858283,0.182505575858283,0.057697528598074,0.999999984598722
3.25856247615323e-07,0.237715855175566,0.581077114635633,0.1812070301888,0.181207030188801,0.0565088249867655,0.999999984455961
3.35004082991314e-07,0.235236951697383,0.584862517211748,0.17990053109087,0.17990053109087,0.0553364206065128,0.999999984313069
3.44408727597382e-07,0.232766714757349,0.588646911125009,0.178586374117642,0.178586374117642,0.0541803406397063,0.999999984170044
3.54077390896527e-07,0.23030545584025,0.592429688428636,0.177264855731115,0.177264855731115,0.0530406001091348,0.999999984026884
3.64017484744614e-07,0.227853477265179,0.596210249669838,0.175936273064982,0.175936273064982,0.0519172042001969,0.999999983883588
3.74236629072198e-07,0.225411072278962,0.599988004025857,0.174600923695181,0.174600923695181,0.0508101485837803,0.999999983740154
3.84742657725851e-07,0.222978525157269,0.60376236942453,0.173259105418201,0.173259105418201,0.0497194197390675,0.99999998359658
3.9554362447347e-07,0.220556111312794,0.607532772649991,0.171911116037215,0.171911116037215,0.048644995275578,0.999999983452864
4.06647809178186e-07,0.218144097409861,0.61129864943408,0.17055725315606,0.17055725315606,0.047586844253801,0.999999983309004
4.18063724145576e-07,0.21574274148488,0.615059444534062,0.169197813981058,0.169197813981058,0.0465449275038227,0.999999983164997
4.2980012064908e-07,0.213352293072075,0.618814611797246,0.167833095130679,0.167833095130679,0.0455191979413961,0.999999983020843
4.41865995638594e-07,0.210972993333931,0.622563614213082,0.166463392452987,0.166463392452987,0.0445096008809443,0.999999982876537
4.54270598637404e-07,0.208605075195856,0.626305923953322,0.165089000850822,0.165089000850822,0.0435160743450333,0.999999982732078
4.67023438832733e-07,0.206248763484532,0.630041022400824,0.163710214114644,0.163710214114644,0.0425385493698886,0.999999982587464
4.80134292365345e-07,0.203904275069509,0.633768400167553,0.162327324762938,0.162327324762938,0.0415769503065714,0.999999982442693
4.93613209823792e-07,0.201571819007558,0.63748755710235,0.160940623890092,0.160940623890092,0.0406311951174659,0.999999982297761
5.07470523949047e-07,0.199251596689382,0.641198002289005,0.159550401021613,0.159550401021613,0.0397011956677683,0.999999982152667
5.21716857555435e-07,0.196943801988261,0.644899254035176,0.158156943976563,0.158156943976563,0.0387868580116977,0.999999982007409
5.36363131673925e-07,0.194648621410254,0.64859083985268,0.156760538737066,0.156760538737066,0.0378880826731883,0.999999981861984
5.5142057392403e-07,0.192366234245593,0.652272296429659,0.155361469324748,0.155361469324748,0.0370047649208452,0.99999998171639
5.66900727120743e-07,0.190096812720924,0.655943169595135,0.15396001768394,0.15396001768394,0.0361367950369839,0.999999981570627
5.82815458123084e-07,0.187840522152084,0.659603014276426,0.15255646357149,0.15255646357149,0.0352840585805941,0.99999998142469
5.99176966931061e-07,0.185597521097099,0.6632513944499,0.151151084453,0.151151084453001,0.0344464366440988,0.99999998127858
6.15997796038017e-07,0.183367961509132,0.666887883085538,0.14974415540533,0.14974415540533,0.0336238061038021,0.999999981132294
6.33290840045511e-07,0.181151988889111,0.670512062085721,0.148335949025168,0.148335949025168,0.0328160398639429,0.999999980985832
6.51069355548147e-07,0.17894974243779,0.674123522218711,0.146926735343499,0.146926735343499,0.032023007094291,0.999999980839191
6.69346971295867e-07,0.176761355207021,0.677721863047204,0.145516781745775,0.145516781745775,0.0312445734612467,0.999999980692371
6.88137698641567e-07,0.174586954250017,0.681306692852383,0.1441063528976,0.1441063528976,0.0304806013524166,0.999999980545371
7.07455942281988e-07,0.172426660770404,0.684877628553852,0.142695710675743,0.142695710675743,0.0297309500946612,0.999999980398191
7.27316511300145e-07,0.170280590269902,0.68843429562582,0.141285114104278,0.141285114104278,0.0289954761656234,0.999999980250829
7.47734630517758e-07,0.168148852694432,0.691976328009897,0.139874819295672,0.139874819295671,0.0282740333987605,0.999999980103286
7.68725952166374e-07,0.16603155257853,0.695503368024858,0.138465079396613,0.138465079396613,0.0275664731819174,0.999999979955562
7.90306567886135e-07,0.163928789187898,0.699015066273695,0.137056144538407,0.137056144538407,0.0268726446494906,0.999999979807657
8.12493021061405e-07,0.161840656659976,0.702511081548289,0.135648261791735,0.135648261791735,0.0261923948682417,0.999999979659571
8.35302319502679e-07,0.159767244142419,0.705991080731995,0.134241675125587,0.134241675125587,0.0255255690168321,0.999999979511307
8.58751948484518e-07,0.157708635929354,0.70945473870045,0.132836625370196,0.132836625370196,0.0248720105591581,0.999999979362863
8.82859884149515e-07,0.155664911595346,0.712901738220881,0.131433350183773,0.131433350183773,0.0242315614115723,0.999999979214243
9.07644607288536e-07,0.153636146126957,0.716331769850174,0.130032084022869,0.130032084022869,0.0236040621040885,0.999999979065447
9.33125117507824e-07,0.151622410051846,0.719744531831977,0.128633058116177,0.128633058116177,0.0229893519356687,0.999999978916478
9.59320947793823e-07,0.149623769565314,0.723139729993074,0.127236500441612,0.127236500441612,0.0223872691237017,0.999999978767339
9.86252179486878e-07,0.147640286654255,0.726517077639271,0.125842635706473,0.125842635706473,0.021797650947782,0.999999978618031
1.01393945767529e-06,0.145672019218445,0.729876295451019,0.124451685330536,0.124451685330536,0.0212203338879085,0.999999978468558
1.04240400702156e-06,0.14371902118912,0.733217111378981,0.1230638674319,0.1230638674319,0.0206551537572202,0.999999978318923
1.07166764803286e-06,0.141781342644814,0.736539260539765,0.121679396815421,0.121679396815421,0.0201019458293922,0.99999997816913
1.10175281378839e-06,0.139859029924409,0.739842485112001,0.12029848496359,0.12029848496359,0.0195605449608189,0.999999978019183
1.13268256713615e-06,0.137952125737378,0.743126534232952,0.118921340029669,0.118921340029669,0.0190307857077093,0.999999977869086
1.16448061837269e-06,0.136060669271191,0.746391163895844,0.117548166832965,0.117548166832965,0.0185125024382255,0.999999977718845
1.19717134341897e-06,0.134184696295863,0.749636136848067,0.11617916685607,0.11617916685607,0.0180055294397928,0.999999977568464
1.23077980250667e-06,0.132324239265646,0.752861222490422,0.114814538243933,0.114814538243933,0.0175097010217129,0.99999997741795
1.26533175938894e-06,0.13047932741783,0.756066196777551,0.113454475804619,0.113454475804619,0.0170248516132114,0.999999977267307
1.30085370109057e-06,0.128649986868673,0.759250842119703,0.112099171011624,0.112099171011624,0.0165508158570494,0.999999977116543
1.3373728582125e-06,0.126836240706438,0.762414947285955,0.110748812007607,0.110748812007607,0.0160874286988317,0.999999976965665
1.37491722580642e-06,0.125038109081553,0.765558307309033,0.109403583609413,0.109403583609413,0.0156345254721402,0.999999976814679
1.4135155848354e-06,0.12325560929389,0.768680723391842,0.108063667314268,0.108063667314268,0.0151919419796223,0.999999976663593
1.4531975242369e-06,0.121488755877175,0.771782002815813,0.106729241307012,0.106729241307012,0.0147595145701629,0.999999976512415
1.49399346360526e-06,0.119737560680541,0.774861958851183,0.105400480468275,0.105400480468275,0.0143370802122661,0.999999976361154
1.5359346765109e-06,0.118002032947239,0.777920410669294,0.104077556383467,0.104077556383467,0.0139244765637723,0.999999976209818
1.57905331447418e-06,0.116282179390512,0.78095718325701,0.102760637352477,0.102760637352477,0.0135215420380346,0.999999976058418
1.62338243161228e-06,0.114578004266669,0.783972107333337,0.101449888399993,0.101449888399993,0.0131281158666764,0.999999975906961
1.66895600997803e-06,0.112889509445367,0.786965019268314,0.100145471286319,0.100145471286319,0.0127440381590489,0.99999997575546
1.71580898561001e-06,0.111216694477126,0.789935761004257,0.0988475445186172,0.0988475445186172,0.0123691499585087,0.999999975603924
1.76397727531405e-06,0.109559556658105,0.792884179979419,0.0975562633624762,0.0975562633624762,0.0120032932956291,0.999999975452364
1.8134978041965e-06,0.107918091092169,0.79581012905412,0.0962717798537108,0.0962717798537108,0.0116463112384586,0.999999975300792
1.86440853397049e-06,0.106292290750267,0.798713466439406,0.0949942428103272,0.0949942428103272,0.0112980479399395,0.999999975149219
1.91674849205681e-06,0.104682146527157,0.801594055628279,0.0937237978445643,0.0937237978445643,0.0109583486825928,0.999999974997659
1.9705578015018e-06,0.103087647295519,0.804451765329539,0.0924605873749423,0.0924605873749424,0.0106270599205764,0.999999974846123
2.02587771173502e-06,0.101508779957471,0.807286469404279,0.0912047506382496,0.0912047506382496,0.0103040293192214,0.999999974694625
2.08275063019052e-06,0.099945529493545,0.810098046805055,0.0899564237014004,0.0899564237014004,0.00998910579214452,0.999999974543178
2.14122015481573e-06,0.0983978790091453,0.812886381517748,0.0887157394731072,0.0887157394731072,0.00968213953603817,0.999999974391797
2.20133110749303e-06,0.0968658097785379,0.815651362506156,0.0874828277153065,0.0874828277153065,0.00938298206323139,0.999999974240496
2.26312956839953e-06,0.0953493012864076,0.818392883659301,0.0862578150542917,0.0862578150542916,0.00909148623211596,0.999999974089289
2.32666291133146e-06,0.0938483312670279,0.821110843741472,0.0850408249915004,0.0850408249915004,0.00880750627552751,0.999999973938192
2.39197984002024e-06,0.0923628757410865,0.823805146344996,0.0838319779139173,0.0838319779139173,0.00853089782716924,0.99999997378722
2.45913042546804e-06,0.0908929090502146,0.826475699845734,0.0826313911040513,0.0826313911040514,0.00826151794616336,0.99999997363639
2.5281661443315e-06,0.089438403889266,0.82912241736128,0.0814391787494538,0.0814391787494538,0.00799922513981218,0.999999973485718
2.59913991838293e-06,0.0879993313363972,0.831745216711854,0.0802554519517484,0.0802554519517484,0.00774387938464883,0.99999997333522
2.67210615507944e-06,0.0865756608809994,0.834344020383855,0.0790803187351457,0.0790803187351457,0.0074953421458537,0.999999973184914
2.74712078927081e-06,0.0851673604495357,0.83691875549604,0.077913884054424,0.0779138840544239,0.00725347639511179,0.999999973034817
2.82424132607844e-06,0.0837743964293386,0.839469353768304,0.076756249802357,0.0767562498023571,0.00701814662698155,0.999999972884947
2.90352688497781e-06,0.0823967336904246,0.841995751492996,0.0756075148165799,0.0756075148165799,0.00678921887384471,0.999999972735323
2.98503824511873e-06,0.0810343356053857,0.844497889508732,0.0744677748858824,0.0744677748858824,0.00656656071950324,0.999999972585962
3.06883789191764e-06,0.0796871640674173,0.846975713176653,0.0733371227559302,0.0733371227559302,0.00635004131148701,0.999999972436884
3.15499006495809e-06,0.0783551795065457,0.849429172359042,0.0722156481344122,0.0722156481344123,0.0061395313721335,0.999999972288107
3.24356080723581e-06,0.0770383409041211,0.851858221400256,0.071103437695623,0.071103437695623,0.00593490320849807,0.999999972139652
3.33461801578637e-06,0.0757366058056394,0.854262819109872,0.0700005750844885,0.0700005750844886,0.00573603072115087,0.999999971991537
3.42823149373397e-06,0.0744499303319669,0.856642928747981,0.0689071409200526,0.0689071409200526,0.00554278941191427,0.999999971843784
3.52447300380159e-06,0.0731782691890323,0.858998518012527,0.0678232127984405,0.0678232127984405,0.00535505639059172,0.999999971696411
3.62341632332315e-06,0.0719215756760642,0.861329559028609,0.0667488652953271,0.0667488652953271,0.00517271038073712,0.99999997154944
3.72513730080021e-06,0.0706798016924454,0.86363602833962,0.0656841699679342,0.0656841699679342,0.00499563172451112,0.99999997140289
3.82971391404628e-06,0.0694528977432618,0.865917906900145,0.0646291953565934,0.0646291953565933,0.00482370238666842,0.999999971256784
3.93722632996347e-06,0.0682408129436248,0.868175180070468,0.0635840069859067,0.0635840069859067,0.00465680595771811,0.999999971111142
4.04775696599732e-06,0.0670434950218473,0.870407837612602,0.0625486673655507,0.0625486673655508,0.00449482765629659,0.999999970965985
4.16139055331671e-06,0.0658608903215564,0.872615873687678,0.0615232359907658,0.0615232359907658,0.00433765433079062,0.999999970821334
4.27821420176762e-06,0.0646929438028257,0.874799286854594,0.0605077693425799,0.0605077693425799,0.00418517446024576,0.999999970677212
4.39831746665023e-06,0.0635395990424155,0.876958080069763,0.0595023208878219,0.0595023208878219,0.00403727815459361,0.999999970533639
4.5217924173707e-06,0.0624007982332064,0.879092260687816,0.0585069410789775,0.0585069410789774,0.00389385715422888,0.999999970390638
4.64873370802026e-06,0.061276482182917,0.881201840463132,0.0575216773539513,0.0575216773539514,0.00375480482896564,0.99999997024823
4.7792386499356e-06,0.0601665903121962,0.883286835552008,0.0565465741357961,0.0565465741357961,0.00362001617640007,0.999999970106436
4.91340728629636e-06,0.0590710606521816,0.885347266515342,0.0555816728324765,0.0555816728324764,0.00348938781970509,0.99999996996528
5.05134246881677e-06,0.0579898298416181,0.887383158321644,0.0546270118367376,0.0546270118367376,0.00336281800488049,0.999999969824782
