1e-09,0.49722927013954,0.252778406829501,0.249992323030959,0.249992323030959,0.247236947108581,0.999999999207448
1.02807322383086e-09,0.497150885433806,0.252857232045794,0.249991882520401,0.249991882520401,0.247159002913405,0.999999999185269
1.05693455355799e-09,0.49707026579721,0.252938317571804,0.249991416630987,0.249991416630987,0.247078849166223,0.999999999162473
1.0866061138546e-09,0.496987346512923,0.253021729595372,0.249990923891706,0.249990923891706,0.246996422621217,0.999999999139041
1.11711065050482e-09,0.496902060933528,0.253107536320961,0.249990402745511,0.249990402745511,0.246911658188017,0.999999999114955
1.14847154784029e-09,0.496814340420233,0.253195808035544,0.249989851544223,0.249989851544223,0.246824488876011,0.999999999090199
1.18071284666619e-09,0.496724114279991,0.253286617176891,0.249989268543118,0.249989268543118,0.246734845736873,0.999999999064752
1.21385926269063e-09,0.496631309700445,0.253380038404356,0.249988651895199,0.249988651895199,0.246642657805245,0.999999999038597
1.24793620547131e-09,0.496535851682619,0.25347614867227,0.24998799964511,0.24998799964511,0.246547852037509,0.999999999011713
1.28296979789415e-09,0.496437662971264,0.25357502730605,0.249987309722686,0.249987309722686,0.246450353248579,0.99999999898408
1.31898689619867e-09,0.496336663982755,0.253676756081136,0.249986579936109,0.249986579936109,0.246350084046647,0.999999998955679
1.35601511056563e-09,0.496232772730462,0.253781419304888,0.24998580796465,0.24998580796465,0.246246964765812,0.999999998926487
1.39408282628258e-09,0.496125904747474,0.253889103901561,0.249984991350965,0.249984991350965,0.24614091339651,0.999999998896482
1.43321922550358e-09,0.496015973006587,0.253999899500494,0.249984127492919,0.249984127492919,0.246031845513668,0.999999998865643
1.47345430961984e-09,0.495902887837427,0.254113898527658,0.249983213634915,0.249983213634915,0.245919674202512,0.999999998833946
1.51481892225835e-09,0.495786556840609,0.254231196300705,0.249982246858686,0.249982246858686,0.245804309981922,0.999999998801368
1.55734477292614e-09,0.495666884798792,0.254351891127685,0.249981224073523,0.249981224073523,0.245685660725269,0.999999998767884
1.60106446131832e-09,0.495543773584528,0.254476084409572,0.2499801420059,0.2499801420059,0.245563631578628,0.99999999873347
1.64601150230855e-09,0.495417122064736,0.254603880746802,0.249978997188461,0.249978997188461,0.245438124876275,0.999999998698101
1.69222035164104e-09,0.4952868260017,0.254735388049975,0.249977785948325,0.249977785948325,0.245309040053375,0.999999998661749
1.7397264323438e-09,0.495152777950408,0.254870717654928,0.249976504394664,0.249976504394664,0.245176273555743,0.999999998624388
1.78856616188346e-09,0.495014867152112,0.255009984442372,0.249975148405517,0.249975148405517,0.245039718746595,0.99999999858599
1.83877698008233e-09,0.494872979423916,0.255153306962313,0.24997371361377,0.24997371361377,0.244899265810146,0.999999998546527
1.89039737781922e-09,0.494726997044253,0.255300807563466,0.249972195392281,0.249972195392281,0.244754801651972,0.999999998505969
1.94346692653602e-09,0.494576798634045,0.255452612527902,0.249970588838054,0.249970588838054,0.244606209795991,0.999999998464288
1.99802630857255e-09,0.494422259033384,0.255608852211179,0.249968888755437,0.249968888755437,0.244453370277946,0.999999998421451
2.05411734835306e-09,0.494263249173528,0.255769661188209,0.249967089638263,0.249967089638263,0.244296159535265,0.999999998377428
2.11178304444824e-09,0.494099635944007,0.255935178405139,0.249965185650854,0.249965185650854,0.244134450293153,0.999999998332186
2.17106760253726e-09,0.493931282054621,0.256105547337534,0.249963170607844,0.249963170607844,0.243968111446777,0.999999998285692
2.23201646929523e-09,0.493758045892122,0.256280916155163,0.249961037952715,0.249961037952715,0.243797007939407,0.999999998237912
2.29467636723194e-09,0.493579781371313,0.256461437893716,0.249958780734971,0.249958780734971,0.243621000636342,0.99999999818881
2.35909533050864e-09,0.493396337780347,0.256647270633787,0.249956391585866,0.249956391585866,0.243439946194481,0.999999998138352
2.42532274176036e-09,0.493207559619941,0.25683857768748,0.24995386269258,0.24995386269258,0.243253696927361,0.9999999980865
2.49340936995188e-09,0.493013286436239,0.257035527793015,0.249951185770746,0.249951185770746,0.243062100665493,0.999999998033216
2.56340740929651e-09,0.492813352647039,0.257238295317746,0.249948352035214,0.249948352035214,0.242865000611825,0.999999997978462
2.63537051926739e-09,0.492607587361074,0.257447060469989,0.249945352168938,0.249945352168938,0.242662235192136,0.999999997922198
2.70935386573205e-09,0.492395814190023,0.257662009520129,0.249942176289849,0.249942176289849,0.242453637900174,0.999999997864383
2.78541416324176e-09,0.492177851052934,0.257883335031469,0.249938813915597,0.249938813915597,0.242239037137337,0.999999997804975
2.86360971850811e-09,0.491953509972687,0.258111236101315,0.249935253925998,0.249935253925998,0.242018256046689,0.99999999774393
2.94400047510004e-09,0.491722596864133,0.258345918612829,0.249931484523038,0.249931484523038,0.241791112341095,0.999999997681207
3.0266480593957e-09,0.49148491131352,0.258587595498211,0.249927493188269,0.249927493188269,0.241557418125252,0.999999997616758
3.11161582782436e-09,0.491240246348791,0.258836487013796,0.249923266637413,0.249923266637413,0.241316979711378,0.999999997550539
3.19896891543454e-09,0.490988388200319,0.259092821027693,0.249918790771988,0.249918790771988,0.241069597428331,0.999999997482501
3.28877428582551e-09,0.490729116051635,0.259356833320623,0.249914050627742,0.249914050627742,0.240815065423893,0.999999997412596
3.38110078248068e-09,0.490462201779649,0.259628767900673,0.249909030319678,0.249909030319678,0.240553171459971,0.999999997340774
3.47601918154197e-09,0.49018740968388,0.259908877332685,0.249903712983435,0.249903712983435,0.240283696700444,0.999999997266984
3.57360224606578e-09,0.489904496204146,0.260197423083091,0.249898080712763,0.249898080712763,0.240006415491383,0.999999997191173
3.67392478180208e-09,0.489613209626169,0.26049467588101,0.249892114492821,0.249892114492821,0.239721095133348,0.999999997113288
3.77706369453937e-09,0.489313289774494,0.260800916096496,0.24988579412901,0.24988579412901,0.239427495645484,0.999999997033275
3.88309804905961e-09,0.489004467692104,0.261116434136889,0.249879098171007,0.249879098171007,0.239125369521097,0.999999996951076
3.99210912974805e-09,0.488686465306086,0.261441530862234,0.249872003831681,0.249872003831681,0.238814461474405,0.999999996866634
4.10418050290471e-09,0.488358995078645,0.261776518020854,0.249864486900502,0.249864486900501,0.238494508178143,0.99999999677989
4.21939808080502e-09,0.48802175964276,0.262121718706168,0.249856521651072,0.249856521651072,0.238165237991688,0.999999996690784
4.33785018755898e-09,0.487674451421703,0.262477467835963,0.249848080742334,0.249848080742334,0.237826370679369,0.999999996599254
4.45962762681909e-09,0.487316752231626,0.262844112655363,0.249839135113011,0.249839135113011,0.237477617118614,0.999999996505236
4.58482375138911e-09,0.486948332866379,0.263222013264837,0.249829653868784,0.249829653868784,0.237118678997595,0.999999996408666
4.71353453478692e-09,0.486568852663658,0.263611543174669,0.249819604161673,0.249819604161673,0.236749248501985,0.999999996309477
4.8458586448165e-09,0.486177959051557,0.264013089887382,0.249808951061061,0.249808951061061,0.236369007990496,0.999999996207601
4.98189751920517e-09,0.485775287074541,0.264427055509729,0.24979765741573,0.24979765741573,0.235977629658811,0.99999999610297
5.12175544336424e-09,0.485360458897807,0.264853857395935,0.249785683706258,0.249785683706258,0.235574775191549,0.999999995995512
5.26553963033276e-09,0.484933083288952,0.265293928823989,0.249772987887059,0.249772987887059,0.235160095401893,0.999999995885154
5.41336030296538e-09,0.484492755075804,0.265747719706909,0.249759525217287,0.249759525217287,0.234733229858518,0.999999995771823
5.56533077842764e-09,0.484039054579231,0.266215697340989,0.24974524807978,0.24974524807978,0.234293806499451,0.999999995655443
5.72156755506324e-09,0.483571547019662,0.266698347193194,0.249730105787144,0.249730105787144,0.233841441232518,0.999999995535936
5.88219040169997e-09,0.483089781896027,0.267196173729976,0.249714044373997,0.249714044373997,0.23337573752203,0.999999995413224
6.04732244946265e-09,0.482593292335725,0.267709701289933,0.249697006374342,0.249697006374342,0.232896285961384,0.999999995287225
6.21709028616383e-09,0.482081594414194,0.268239475002885,0.249678930582921,0.249678930582921,0.232402663831273,0.999999995157858
6.39162405334401e-09,0.481554186442578,0.268786061758079,0.249659751799343,0.249659751799343,0.231894434643235,0.999999995025038
6.57105754603627e-09,0.481010548221936,0.269350051224407,0.249639400553657,0.249639400553657,0.231371147668279,0.999999994888681
6.75552831533164e-09,0.48045014026235,0.269932056925709,0.249617802811942,0.249617802811942,0.230832337450408,0.999999994748699
6.94517777382369e-09,0.47987240296525,0.270532717374363,0.249594879660387,0.249594879660387,0.230277523304862,0.999999994605002
7.14015130401339e-09,0.4792767557672,0.271152697266617,0.249570546966183,0.249570546966183,0.229706208801016,0.999999994457501
7.3405983697572e-09,0.478662596243318,0.271792688743253,0.249544715013429,0.249544715013429,0.229117881229889,0.999999994306103
7.5466726308439e-09,0.478029299168468,0.272453412719418,0.249517288112114,0.249517288112114,0.228512011056354,0.999999994150714
7.75853206078784e-09,0.477376215534283,0.273135620287642,0.249488164178074,0.249488164178074,0.227888051356209,0.999999993991239
7.97633906792928e-09,0.476702671520055,0.273840094198298,0.249457234281646,0.249457234281646,0.227245437238409,0.999999993827582
8.20026061993413e-09,0.476007967415464,0.274567650421965,0.249424382162571,0.249424382162571,0.226583585252893,0.999999993659643
8.43046837178897e-09,0.475291376493112,0.275319139798394,0.249389483708494,0.249389483708494,0.225901892784618,0.999999993487324
8.66713879738922e-09,0.474552143828795,0.276095449777,0.249352406394206,0.249352406394206,0.225199737434589,0.999999993310521
8.9104533248215e-09,0.473789485067447,0.276897506254029,0.249313008678525,0.249313008678525,0.224476476388922,0.999999993129134
9.16059847544369e-09,0.473002585132722,0.277726275511785,0.249271139355493,0.249271139355493,0.22373144577723,0.999999992943057
9.41776600686954e-09,0.472190596878207,0.278582766265509,0.249226636856284,0.249226636856284,0.222963960021923,0.999999992752187
9.6821530599671e-09,0.471352639678337,0.279468031823717,0.249179328497946,0.249179328497946,0.222173311180391,0.999999992556416
9.95396230998424e-09,0.470487797957202,0.280383172367996,0.249129029674801,0.249129029674801,0.221358768282401,0.999999992355638
1.02334021219164e-08,0.469595119653572,0.281329337358426,0.249075542988001,0.249075542988001,0.220519576665571,0.999999992149743
1.05206867102362e-08,0.468673614620672,0.282307728070926,0.249018657308402,0.249018657308402,0.219654957312269,0.999999991938624
1.08160363031071e-08,0.467722252959513,0.283319600272924,0.248958146767564,0.248958146767564,0.218764106191949,0.99999999172217
1.1119677311207e-08,0.466739963284914,0.284366267043788,0.248893769671299,0.248893769671299,0.217846193613615,0.999999991500273
1.14318425012915e-08,0.465725630923767,0.285449101746435,0.248825267329798,0.248825267329798,0.216900363593968,0.999999991272821
1.17527711746295e-08,0.464678096045637,0.286569541156403,0.24875236279796,0.24875236279796,0.215925733247677,0.999999991039705
1.20827093504478e-08,0.463596151726428,0.287729088754469,0.248674759519103,0.248674759519103,0.214921392207325,0.999999990800813
1.24219099545262e-08,0.462478541946629,0.288929318188534,0.248592139864837,0.248592139864837,0.213886402081793,0.999999990556038
1.27706330130864e-08,0.46132395952663,0.290171876909977,0.248504163563394,0.248504163563393,0.212819795963236,0.99999999030527
1.31291458521247e-08,0.460131044002717,0.291458489988962,0.24841046600832,0.24841046600832,0.211720577994397,0.999999990048401
1.34977233023394e-08,0.458898379448778,0.292790964112251,0.248310656438971,0.248310656438971,0.210587723009806,0.999999989785324
1.38766479098131e-08,0.457624492250348,0.294171191765786,0.248204315983866,0.248204315983866,0.209420176266482,0.999999989515936
1.42662101526074e-08,0.456307848839637,0.295601155602759,0.248090995557604,0.248090995557604,0.208216853282033,0.999999989240134
1.46667086634397e-08,0.454946853402449,0.297082932995839,0.247970213601712,0.247970213601712,0.206976639800737,0.999999988957818
1.50784504586105e-08,0.453539845570664,0.298618700769748,0.247841453659587,0.247841453659587,0.205698391911077,0.999999988668891
1.55017511733577e-08,0.452085098117179,0.300210740107246,0.247704161775575,0.247704161775575,0.204380936341604,0.99999998837326
1.59369353038178e-08,0.450580814673945,0.301861441617809,0.247557743708245,0.247557743708245,0.2030230709657,0.999999988070838
1.63843364557798e-08,0.449025127498168,0.303573310553668,0.247401561948164,0.247401561948163,0.201623565550005,0.99999998776154
1.68442976004231e-08,0.447416095316869,0.305348972152232,0.247234932530899,0.247234932530899,0.200181162785969,0.99999998744529
1.73171713372335e-08,0.445751701285933,0.30719117707726,0.247057121636807,0.247057121636807,0.198694579649126,0.999999987122015
1.78033201643011e-08,0.444029851106707,0.309102806923034,0.246867341970259,0.246867341970259,0.197162509136448,0.999999986791651
1.83031167562061e-08,0.44224837135109,0.311086879736238,0.246664748912672,0.246664748912672,0.195583622438418,0.999999986454143
1.88169442497056e-08,0.44040500805522,0.313146555498875,0.246448436445906,0.246448436445906,0.193956571609314,0.999999986109446
1.93451965374404e-08,0.438497425652226,0.315285141502194,0.246217432845579,0.246217432845579,0.192279992806647,0.999999985757522
1.98882785698881e-08,0.436523206326373,0.317506097525907,0.24597069614772,0.24597069614772,0.190552510178652,0.999999985398348
2.04466066657912e-08,0.434479849884255,0.319813040718669,0.245707109397076,0.245707109397076,0.18877274048718,0.999999985031913
2.10206088313016e-08,0.432364774253757,0.322209750054626,0.245425475691617,0.245425475691617,0.18693929856214,0.999999984658219
2.16107250880838e-08,0.430175316738152,0.324700170216374,0.245124513045474,0.245124513045474,0.185050803692678,0.999999984277286
2.22174078106288e-08,0.427908736171253,0.327288414726721,0.244802849102026,0.244802849102026,0.183105887069227,0.999999983889148
2.28411220730383e-08,0.425562216139644,0.329978768119954,0.244459015740402,0.244459015740402,0.181103200399242,0.999999983493862
2.34823460055428e-08,0.42313286945985,0.332775686907562,0.244091443632588,0.244091443632588,0.179041425827262,0.999999983091503
2.41415711610302e-08,0.420617744121356,0.335683799053709,0.243698456824936,0.243698456824936,0.17691928729642,0.999999982682169
2.48193028918626e-08,0.418013830930456,0.338707901632036,0.243278267437508,0.243278267437508,0.174735563492948,0.999999982265983
2.55160607372719e-08,0.415318073114209,0.341852956288143,0.242828970597648,0.242828970597648,0.172489102516561,0.999999981843095
2.62323788216312e-08,0.412527378167485,0.345124082081853,0.242348539750662,0.242348539750662,0.170178838416822,0.999999981413684
2.69688062639069e-08,0.409638632247915,0.348526545231361,0.241834822520724,0.241834822520724,0.167803809727191,0.999999980977958
2.77259075986048e-08,0.406648717441901,0.352065745229086,0.241285537329013,0.241285537329013,0.165363180112887,0.99999998053616
2.85042632085343e-08,0.403554532237445,0.355747196749051,0.240698271013504,0.240698271013504,0.162856261223941,0.999999980088569
2.93044697697214e-08,0.400353015543904,0.35957650672096,0.240070477735136,0.240070477735136,0.160282537808768,0.999999979635498
3.01271407088116e-08,0.397041174591373,0.363559345911213,0.239399479497413,0.239399479497413,0.15764169509396,0.999999979177304
3.09729066733141e-08,0.393616117019514,0.367701414331201,0.238682468649284,0.238682468649284,0.15493364837023,0.999999978714382
3.18424160150466e-08,0.390075087422647,0.372008399795076,0.237916512782277,0.237916512782277,0.15215857464037,0.999999978247172
3.27363352871525e-08,0.386415508549967,0.376485928980649,0.237098562469384,0.237098562469384,0.149316946080584,0.999999977776158
3.36553497550709e-08,0.382635027261557,0.381139510417221,0.236225462321223,0.236225462321223,0.146409564940334,0.999999977301871
3.46001639218511e-08,0.378731565207449,0.385974468942813,0.235293965849738,0.235293965849738,0.143437599357712,0.999999976824886
3.55715020682138e-08,0.374703374023975,0.390995871350644,0.23430075462538,0.23430075462538,0.140402619398595,0.999999976345826
3.65701088077749e-08,0.370549094626037,0.396208443190182,0.23324246218378,0.23324246218378,0.137306632442257,0.99999997586536
3.75967496578547e-08,0.366267819915305,0.401616477009382,0.232115703075313,0.232115703075313,0.134152116839992,0.999999975384201
3.86522116263126e-08,0.361859159925489,0.407223732725788,0.230917107348722,0.230917107348722,0.130942052576767,0.999999974903104
3.97373038148561e-08,0.357323308094458,0.413033331293577,0.229643360611965,0.229643360611965,0.127679947482493,0.999999974422863
4.08528580392857e-08,0.35266110700235,0.419047643382254,0.228291249615395,0.228291249615395,0.124369857386955,0.999999973944305
4.19997294671531e-08,0.347874111564976,0.425268175381596,0.226857713053428,0.226857713053428,0.121016398511548,0.99999997346829
4.31787972733202e-08,0.342964647349432,0.431695455666286,0.225339896984282,0.225339896984282,0.11762475036515,0.999999972995695
4.43909653139217e-08,0.337935861416837,0.438328924650226,0.223735213932937,0.223735213932937,0.114200647483899,0.999999972527415
4.56371628192476e-08,0.332791762932637,0.445166832681068,0.222041404386295,0.222041404386295,0.110750358546342,0.999999972064351
4.6918345106078e-08,0.327537250756167,0.452206150208626,0.220256599035207,0.220256599035207,0.10728065172096,0.999999971607398
4.82354943100147e-08,0.322178125362694,0.459442494841669,0.218379379795637,0.218379379795637,0.103798745567057,0.99999997115744
4.95896201383721e-08,0.316721082788628,0.466870079826342,0.216408837385029,0.216408837385029,0.100312245403599,0.999999970715332
5.09817606442043e-08,0.311173688834282,0.47448168809002,0.214344623075698,0.214344623075698,0.0968290657585834,0.999999970281895
5.24129830220606e-08,0.305544332499045,0.482268675274104,0.212186992226851,0.212186992226851,0.0933573402721937,0.999999969857903
5.38843844260822e-08,0.299842158528129,0.490221004137443,0.209936837334428,0.209936837334428,0.0899053211937008,0.999999969444073
5.5397092811064e-08,0.294076979961801,0.498327311394588,0.207595708643611,0.207595708643611,0.0864812713181895,0.999999969041054
5.69522677971282e-08,0.288259172621444,0.506575006542882,0.205165820835674,0.205165820835674,0.0830933517857698,0.999999968649422
5.85511015586724e-08,0.282399554453817,0.51495040064282,0.202650044903363,0.202650044903363,0.0797495095504536,0.999999968269671
6.01948197382727e-08,0.27650925349618,0.52343886147945,0.20005188502437,0.20005188502437,0.0764573684718106,0.999999967902209
6.18846823862438e-08,0.270599568841578,0.532024990183594,0.197375440974828,0.197375440974828,0.0732241278667504,0.999999967547358
6.3621984926575e-08,0.264681829318184,0.540692813349684,0.194625357332131,0.194625357332131,0.0700564719860533,0.999999967205346
6.54080591499826e-08,0.25876725462155,0.549425984040045,0.191806761338405,0.191806761338405,0.066960493283145,0.999999966876318
6.72442742348425e-08,0.252866823359343,0.558207984858471,0.188925191782186,0.188925191782186,0.0639416315771565,0.99999996656033
6.91320377967813e-08,0.246991151921733,0.56702232650662,0.185986521571648,0.185986521571648,0.0610046303500851,0.999999966257358
7.10727969677341e-08,0.241150387338872,0.575852735858177,0.18299687680295,0.18299687680295,0.0581535105359219,0.999999965967306
7.30680395052951e-08,0.235354116407248,0.584683328515996,0.179962555076756,0.179962555076756,0.0553915613304926,0.999999965690007
7.51192949332097e-08,0.229611292440686,0.593498761952671,0.176889945606643,0.176889945606643,0.0527213468340434,0.999999965425235
7.72281357138864e-08,0.223930180105155,0.602284366565208,0.173785453329637,0.173785453329637,0.0501447267755176,0.99999996517271
7.93961784538228e-08,0.218318317991384,0.611026253196011,0.170655428812605,0.170655428812605,0.0476628891787796,0.999999964932112
8.16250851428724e-08,0.212782497909225,0.61971139679966,0.167506105291115,0.167506105291115,0.0452763926181097,0.999999964703079
8.39165644283016e-08,0.207328759376701,0.628327696905212,0.164343543718087,0.164343543718087,0.042985215658615,0.999999964485225
8.62723729246145e-08,0.201962397430449,0.636864016300148,0.161173586269403,0.161173586269403,0.0407888111610461,0.99999996427814
8.8694316560147e-08,0.196687981693576,0.645310199931002,0.158001818375423,0.158001818375423,0.0386861633181532,0.9999999640814
9.11842519614656e-08,0.191509384582257,0.653657076383368,0.154833539034375,0.154833539034375,0.0366758455478815,0.999999963894573
9.374408787663e-08,0.186429816587863,0.661896444490554,0.151673738921582,0.151673738921582,0.0347560776662809,0.99999996371722
9.63757866384109e-08,0.181451866709339,0.670021047654623,0.148527085636038,0.148527085636038,0.0329247810733005,0.999999963548908
9.90813656685867e-08,0.176577546303955,0.67802453837879,0.145397915317255,0.145397915317255,0.0311796309866997,0.999999963389202
1.01862899024469e-07,0.171808334849722,0.685901435338685,0.142290229811593,0.142290229811593,0.0295181050381282,0.999999963237681
1.04722518988844e-07,0.167145226349784,0.693647075091972,0.139207698558243,0.139207698558243,0.0279375277915409,0.999999963093929
1.07662417704549e-07,0.162588775343035,0.701257560266692,0.136153664390273,0.136153664390273,0.0264351109527624,0.999999962957545
1.10684848854941e-07,0.15813914170504,0.708729705799064,0.133131152495897,0.133131152495897,0.0250079892091431,0.999999962828142
1.13792129391531e-07,0.153796133622321,0.716060984526776,0.130142881850903,0.130142881850903,0.0236532517714183,0.999999962705345
1.16986641310131e-07,0.149559248297292,0.723249473194858,0.127191278507851,0.127191278507851,0.0223679697894406,0.999999962588797
1.20270833476851e-07,0.145427710089398,0.730293799704876,0.124278490205725,0.124278490205725,0.0211492198836733,0.999999962478157
1.23647223505371e-07,0.141400505920856,0.737193092238166,0.121406401840977,0.121406401840977,0.0199941040798789,0.999999962373098
1.27118399686903e-07,0.137476417874304,0.743946930711311,0.118576651414385,0.118576651414385,0.0188997664599188,0.999999962273312
1.30687022974335e-07,0.133654052987335,0.750555300876633,0.115790646136032,0.115790646136032,0.0178634068513032,0.999999962178505
1.34355829022083e-07,0.12993187030773,0.75701855126043,0.11304957843184,0.11304957843184,0.0168822918758899,0.999999962088399
1.38127630283201e-07,0.126308205316258,0.763337353034694,0.110354441649048,0.110354441649048,0.01595376366721,0.999999962002731
1.42005318165368e-07,0.122781291853763,0.769512662841462,0.107706045304775,0.107706045304775,0.0150752465489885,0.999999961921253
1.45991865247398e-07,0.119349281708418,0.775545688529877,0.105105029761705,0.105105029761705,0.0142442519467137,0.999999961843731
1.50090327557974e-07,0.116010262029697,0.781437857721898,0.102551880248405,0.102551880248405,0.013458381781291,0.999999961769944
1.54303846918356e-07,0.11276227073971,0.787190789090774,0.100046940169516,0.100046940169515,0.0127153305701945,0.999999961699685
1.58635653350859e-07,0.109603310111685,0.792806266214673,0.0975904236736428,0.0975904236736428,0.0120128864380418,0.999999961632758
1.63089067554933e-07,0.106531358680825,0.798286213854203,0.0951824274649724,0.0951824274649725,0.0113489312158524,0.999999961568979
1.6766750345277e-07,0.103544381645738,0.803632676495361,0.0928229418589011,0.092822941858901,0.0107214397868366,0.999999961508174
1.72374470806362e-07,0.100640339909811,0.808847798997068,0.0905118610931202,0.0905118610931202,0.0101284788166913,0.999999961450182
1.77213577908036e-07,0.0978171979021347,0.813933809183914,0.0882489929139508,0.0882489929139509,0.00956820498818386,0.99999996139485
1.82188534346517e-07,0.0950729303072265,0.818893002228893,0.0860340674638807,0.0860340674638807,0.00903886284334583,0.999999961342033
1.87303153850643e-07,0.0924055278224115,0.823727726677012,0.0838667455005762,0.0838667455005763,0.00853878232183528,0.999999961291597
1.9256135721292e-07,0.0898130020513921,0.828440371968131,0.0817466259804764,0.0817466259804764,0.00806637607091573,0.999999961243414
1.97967175295133e-07,0.0872933896326556,0.833033357325608,0.079673253041736,0.079673253041736,0.00762013659091966,0.999999961197366
2.03524752118358e-07,0.0848447556919277,0.83750912188606,0.077646122422012,0.077646122422012,0.00719863326991571,0.999999961153339
2.09238348039698e-07,0.082465196699046,0.841870115954357,0.0756646873465972,0.0756646873465972,0.00680050935244884,0.99999996111123
2.15112343018217e-07,0.0801528428014019,0.846118793276742,0.0737283639218559,0.0737283639218559,0.00642447887954602,0.999999961070938
2.21151239972549e-07,0.0779058596985309,0.850257604233495,0.0718365360679744,0.0718365360679744,0.00606932363055647,0.99999996103237
2.27359668232772e-07,0.0757224501154889,0.854288989860726,0.0699885600237854,0.0699885600237854,0.00573389009170344,0.999999960995438
2.33742387089181e-07,0.0736008549263392,0.858215376618679,0.0681837684549823,0.0681837684549823,0.00541708647135696,0.999999960960059
2.40304289440697e-07,0.0715393539733505,0.862039171831191,0.0664214741954583,0.0664214741954583,0.00511787977789218,0.999999960926156
2.47050405545683e-07,0.0695362666223399,0.865762759727804,0.0647009736498561,0.0647009736498561,0.00483529297248383,0.999999960893656
2.53985906878073e-07,0.0675899520899486,0.869388498026324,0.063021549883727,0.063021549883727,0.00456840220622159,0.999999960862489
2.61116110091746e-07,0.065698809574476,0.872918714999489,0.0613824754260349,0.0613824754260349,0.00431633414844102,0.999999960832589
2.68446481096197e-07,0.0638612782181631,0.876355706974757,0.0597830148070802,0.0597830148070802,0.00407826341108283,0.999999960803897
2.75982639246618e-07,0.0620758369255034,0.879701736221158,0.0582224268533386,0.0582224268533386,0.00385341007216481,0.999999960776353
2.83730361651621e-07,0.0603410040591878,0.882959029181647,0.0566999667591651,0.0566999667591651,0.00364103730002273,0.999999960749902
2.91695587601879e-07,0.058655337032665,0.886129775013477,0.0552148879538584,0.0552148879538584,0.00344044907880663,0.999999960724495
2.99884423123102e-07,0.0570174318159606,0.889216124402847,0.0537664437811924,0.0537664437811925,0.00325098803476816,0.99999996070008
3.08303145656828e-07,0.0554259223693263,0.892220188623457,0.0523538890072168,0.0523538890072168,0.00307203336210947,0.999999960676613
3.16958208872612e-07,0.0538794800174619,0.895144038811634,0.0509764811709046,0.0509764811709046,0.00290299884655722,0.99999996065405
3.25856247615323e-07,0.0523768127754254,0.897989705433499,0.0496334817910758,0.0496334817910758,0.00274333098434963,0.99999996063235
3.35004082991314e-07,0.0509166646359248,0.900759177922112,0.048324157441963,0.048324157441963,0.0025925071939618,0.999999960611472
3.44408727597382e-07,0.04949781482641,0.903454404464803,0.0470477807087867,0.0470477807087867,0.00245003411762333,0.999999960591382
3.54077390896527e-07,0.0481190770432825,0.906077291922925,0.0458036310337922,0.0458036310337922,0.00231544600949027,0.999999960572043
3.64017484744614e-07,0.0467792986695493,0.908629705868106,0.0445909954623449,0.0445909954623449,0.0021883032072044,0.999999960553423
3.74236629072198e-07,0.045477359981391,0.911113470720716,0.0434091692978932,0.0434091692978932,0.00206819068349786,0.99999996053549
3.84742657725851e-07,0.0442121733483517,0.913530369977765,0.0422574566738829,0.042257456673883,0.00195471667446875,0.999999960518213
3.9554362447347e-07,0.0429826824311927,0.915882146518772,0.0411351710500358,0.0411351710500358,0.00184751138115692,0.999999960501566
4.06647809178186e-07,0.0417878613808669,0.918170502979347,0.0400416356397863,0.0400416356397863,0.00174622574108059,0.999999960485522
4.18063724145576e-07,0.0406267140415576,0.920397102183334,0.0389761837751086,0.0389761837751086,0.00165053026644897,0.999999960470053
4.2980012064908e-07,0.0394982731602737,0.92256356762529,0.037938159214436,0.0379381592144359,0.00156011394583776,0.999999960455138
4.41865995638594e-07,0.0384015996051034,0.924671483995994,0.036926916398903,0.036926916398903,0.00147468320620037,0.999999960440751
4.54270598637404e-07,0.0373357815938798,0.926722397744424,0.0359418206616963,0.0359418206616963,0.00139396093218355,0.999999960426873
4.67023438832733e-07,0.0362999339347159,0.928717817670387,0.0349822483948967,0.0349822483948967,0.00131768553981926,0.999999960413481
4.80134292365345e-07,0.0352931972795992,0.930659215542575,0.0340475871778258,0.0340475871778258,0.00124561010177346,0.999999960400556
4.93613209823792e-07,0.0343147373920123,0.932548026737419,0.0331372358705688,0.0331372358705687,0.00117750152144353,0.999999960388079
5.07470523949047e-07,0.0333637444293454,0.934385650894619,0.0322506046760357,0.0322506046760356,0.00111313975330965,0.999999960376032
5.21716857555435e-07,0.0324394322406921,0.936173452585674,0.0313871151736339,0.0313871151736339,0.00105231706705822,0.999999960364399
5.36363131673925e-07,0.0315410376804764,0.937912761992156,0.0305462003273677,0.0305462003273677,0.000994837353108733,0.999999960353162
5.5142057392403e-07,0.030667819938221,0.939604875590844,0.0297273044709353,0.0297273044709353,0.00094051546728571,0.999999960342306
5.66900727120743e-07,0.0298190598846652,0.941251056843156,0.0289298832721786,0.0289298832721786,0.00088917661248659,0.999999960331817
5.82815458123084e-07,0.0289940594343379,0.942852536886626,0.0281534036790358,0.0281534036790358,0.00084065575530214,0.99999996032168
5.99176966931061e-07,0.0281921409246121,0.944410515226424,0.0273973438489634,0.0273973438489634,0.000794797075648798,0.999999960311881
6.15997796038017e-07,0.0274126465111971,0.945926160425178,0.0266611930636253,0.0266611930636253,0.000751453447571774,0.999999960302408
6.33290840045511e-07,0.026654937579965,0.947400610789544,0.0259444516304915,0.0259444516304915,0.000710485949473465,0.999999960293249
6.51069355548147e-07,0.0259183941749578,0.948834975052198,0.0252466307728441,0.0252466307728441,0.000671763402113697,0.999999960284392
6.69346971295867e-07,0.0252024144423797,0.950230333048057,0.0245672525095631,0.024567252509563,0.000635161932816632,0.999999960275825
6.88137698641567e-07,0.0245064140903424,0.951587736383719,0.023905849525939,0.023905849525939,0.000600564564403371,0.999999960267537
7.07455942281988e-07,0.0238298258641052,0.95290820909924,0.0232619650366552,0.0232619650366552,0.00056786082745,0.999999960259519
7.27316511300145e-07,0.0231720990365254,0.954192748321497,0.0226351526419779,0.0226351526419779,0.000536946394547478,0.999999960251761
7.47734630517758e-07,0.0225326989134167,0.955442324908479,0.0220249761781038,0.0220249761781038,0.000507722735312935,0.999999960244252
7.68725952166374e-07,0.0219111063534984,0.956657884083975,0.021431009562527,0.021431009562527,0.000480096790971372,0.999999960236984
7.90306567886135e-07,0.0213068173026069,0.957840346062179,0.0208528366352141,0.0208528366352141,0.000453980667392787,0.999999960229949
8.12493021061405e-07,0.020719342341832,0.958990606661868,0.0202900509962998,0.0202900509962998,0.000429291345532273,0.999999960223138
8.35302319502679e-07,0.0201482062492364,0.960109537909807,0.0197422558409563,0.0197422558409563,0.000405950408280032,0.999999960216543
8.58751948484518e-07,0.0195929475748106,0.961197988633163,0.0192090637920262,0.0192090637920262,0.000383883782784367,0.999999960210156
8.82859884149515e-07,0.0190531182283177,0.962256785040729,0.0186900967309537,0.0186900967309538,0.000363021497363915,0.99999996020397
9.07644607288536e-07,0.0185282830796787,0.963286731292818,0.018184985627503,0.0181849856275029,0.00034329745217569,0.999999960197979
9.33125117507824e-07,0.0180180195715542,0.964288610059745,0.0176933703687011,0.0176933703687012,0.000324649202853003,0.999999960192174
9.59320947793823e-07,0.0175219173437782,0.965263183068816,0.0172148995874059,0.0172148995874059,0.000307017756372294,0.999999960186551
9.86252179486878e-07,0.0170395778693057,0.966211191639839,0.0167492304908554,0.0167492304908555,0.000290347378450282,0.999999960181102
1.01393945767529e-06,0.0165706141013393,0.967133357209134,0.0162960286895263,0.0162960286895263,0.00027458541181295,0.999999960175822
1.04240400702156e-06,0.0161146501313047,0.968030381842106,0.0158549680265891,0.0158549680265891,0.000259682104715604,0.999999960170705
1.07166764803286e-06,0.0156713208573538,0.968902948734421,0.0154257304082248,0.0154257304082248,0.000245590449128991,0.999999960165745
1.10175281378839e-06,0.0152402716630765,0.969751722701887,0.0150080056350365,0.0150080056350365,0.000232266028040015,0.999999960160937
1.13268256713615e-06,0.0148211581061121,0.970577350659123,0.0146014912347647,0.0146014912347647,0.000219666871347378,0.999999960156277
1.16448061837269e-06,0.0144136456163567,0.971380462087149,0.0142058922964944,0.0142058922964944,0.000207753319862334,0.999999960151758
1.19717134341897e-06,0.0140174092034715,0.97216166949001,0.0138209213065185,0.0138209213065185,0.00019648789695295,0.999999960147377
1.23077980250667e-06,0.0136321331734022,0.972921568840593,0.0134462979860053,0.0134462979860053,0.000185835187396848,0.999999960143129
1.26533175938894e-06,0.01325751085363,0.973660740015772,0.0130817491305976,0.0130817491305976,0.000175761723032424,0.999999960139009
1.30085370109057e-06,0.0128932443268792,0.974379747221064,0.012727008452057,0.012727008452057,0.000166235874822146,0.999999960135013
1.3373728582125e-06,0.0125390441730167,0.97507913940493,0.0123818164220529,0.0123818164220529,0.000157227750963764,0.999999960131138
1.37491722580642e-06,0.0121946292188843,0.975759450662938,0.0120459201181781,0.0120459201181781,0.000148709100706209,0.999999960127378
1.4135155848354e-06,0.0118597262958133,0.97642120063192,0.0117190730722666,0.0117190730722665,0.000140653223546684,0.999999960123732
1.4531975242369e-06,0.0115340700045769,0.97706489487435,0.0114010351210729,0.0114010351210729,0.000133034883504054,0.999999960120194
1.49399346360526e-06,0.0112174024875459,0.977691025253089,0.0110915722593647,0.0110915722593648,0.000125830228181131,0.999999960116762
1.5359346765109e-06,0.0109094732078162,0.978300070296713,0.0107904564954712,0.0107904564954712,0.000119016712344966,0.999999960113432
1.57905331447418e-06,0.0106100387350887,0.978892495555592,0.0104974657093189,0.0104974657093189,0.000112573025769783,0.9999999601102
1.62338243161228e-06,0.010318862538084,0.979468753948934,0.0102123835129822,0.0102123835129821,0.000106479025101832,0.999999960107064
1.66895600997803e-06,0.0100357147832854,0.980029286102948,0.00993499911376616,0.00993499911376614,0.000100715669519222,0.999999960104021
1.71580898561001e-06,0.00976037213980709,0.980574520680359,0.0096651071798343,0.00966510717983435,9.52649599727876e-05,0.999999960101068
1.76397727531405e-06,0.00949261759019337,0.981104874701419,0.0094025077083871,0.00940250770838714,9.01098818062724e-05,0.999999960098201
1.8134978041965e-06,0.00923224024695873,0.981620753856648,0.0091470058963931,0.00914700589639312,8.52343505656283e-05,0.999999960095419
1.86440853397049e-06,0.00897903517468672,0.982122552811445,0.00889841201386861,0.00889841201386861,8.06231608181065e-05,0.999999960092718
1.91674849205681e-06,0.00873280321751014,0.982610655502792,0.00865654127969812,0.00865654127969816,7.6261937812025e-05,0.999999960090096
1.9705578015018e-06,0.00849335083180154,0.983085435428215,0.00842121373998379,0.00842121373998377,7.21370918177418e-05,0.99999996008755
2.02587771173502e-06,0.00826048992390833,0.983547255927183,0.00819225414890889,0.00819225414890894,6.82357749994424e-05,0.999999960085079
2.08275063019052e-06,0.00803403769277238,0.983996470455131,0.00796949185209648,0.00796949185209646,6.45458406758961e-05,0.99999996008268
2.14122015481573e-06,0.00781381647727924,0.984433422850278,0.00775276067244283,0.00775276067244286,6.10558048364083e-05,0.99999996008035
2.20133110749303e-06,0.00759965360818716,0.984858447593411,0.00754189879840138,0.00754189879840139,5.77548097857748e-05,0.999999960078088
2.26312956839953e-06,0.00739138126449112,0.985271870060817,0.00733674867469191,0.00733674867469192,5.46325897992147e-05,0.999999960075892
2.32666291133146e-06,0.00718883633408189,0.985674006770511,0.0071371568954069,0.00713715689540691,5.16794386749951e-05,0.999999960073759
2.39197984002024e-06,0.00699186027856457,0.98606516562195,0.00694297409948575,0.00694297409948575,4.88861790788177e-05,0.999999960071687
2.45913042546804e-06,0.00680029900210594,0.986445646129368,0.00675405486852591,0.00675405486852592,4.62441335800316e-05,0.999999960069675
2.5281661443315e-06,0.00661400272418387,0.986815739648918,0.00657025762689849,0.00657025762689846,4.37450972853798e-05,0.999999960067722
2.59913991838293e-06,0.00643282585611661,0.987175729599748,0.0063914445441353,0.00639144454413531,4.13813119813117e-05,0.999999960065824
2.67210615507944e-06,0.00625662688125335,0.987525891679194,0.00621748143955244,0.0062174814395524,3.91454417009085e-05,0.999999960063981
2.74712078927081e-06,0.00608526823871218,0.987866494072212,0.00604823768907597,0.00604823768907599,3.70305496362043e-05,0.99999996006219
2.82424132607844e-06,0.00591861621055423,0.988197797655213,0.00588358613423309,0.00588358613423312,3.50300763211369e-05,0.999999960060451
2.90352688497781e-06,0.00575654081228761,0.988520056194439,0.00572340299327303,0.005723402993273,3.31378190145752e-05,0.999999960058762
2.98503824511873e-06,0.0055989156865974,0.988833516539022,0.00556756777438057,0.00556756777438052,3.13479122168297e-05,0.999999960057121
3.06883789191764e-06,0.00544561800020186,0.989138418808853,0.00541596319094507,0.00541596319094503,2.96548092567912e-05,0.999999960055526
3.15499006495809e-06,0.00529652834373802,0.989434996577414,0.00526847507884765,0.00526847507884768,2.80532648903718e-05,0.999999960053977
3.24356080723581e-06,0.00515153063458344,0.989723477049687,0.0051249923157292,0.00512499231572923,2.65383188542435e-05,0.999999960052472
3.33461801578637e-06,0.00501051202252324,0.990004081235276,0.00498540674220123,0.00498540674220126,2.51052803220065e-05,0.99999996005101
3.42823149373397e-06,0.00487336279817542,0.990277024116862,0.00484961308496254,0.00484961308496255,2.37497132128791e-05,0.99999996004959
3.52447300380159e-06,0.00473997630408948,0.990542514814127,0.00471750888178369,0.00471750888178371,2.24674223057875e-05,0.99999996004821
3.62341632332315e-06,0.0046102488484367,0.990800756743241,0.00458899440832234,0.00458899440832232,2.12544401143688e-05,0.999999960046869
3.72513730080021e-06,0.00448407962121289,0.991051947772055,0.00446397260673201,0.00446397260673204,2.01070144808811e-05,0.999999960045565
3.82971391404628e-06,0.00436137061287687,0.991296280371096,0.00434234901602751,0.0043423490160275,1.90215968493586e-05,0.999999960044299
3.93722632996347e-06,0.0042420265353508,0.991533941760479,0.00422403170417024,0.00422403170417027,1.79948311805572e-05,0.999999960043068
4.04775696599732e-06,0.00412595474531041,0.991765114052853,0.00410893120183709,0.00410893120183709,1.7023543473325e-05,0.999999960041873
4.16139055331671e-06,0.00401306516969598,0.991989974392467,0.00399696043783699,0.00399696043783696,1.61047318589956e-05,0.999999960040711
4.27821420176762e-06,0.00390327023337663,0.992208695090484,0.00388803467613937,0.00388803467613933,1.52355572372623e-05,0.999999960039581
4.39831746665023e-06,0.00379648478890325,0.992421443756617,0.00378207145447951,0.00378207145447952,1.44133344237414e-05,0.999999960038484
4.5217924173707e-06,0.00369262604828689,0.992628383427207,0.0036789905245058,0.00367899052450584,1.36355237810875e-05,0.999999960037417
