1e-09,0.497192822505038,0.252815057734271,0.249992119760691,0.249992119760691,0.247200702744346,0.999999999590024
1.02807322383086e-09,0.497114171037142,0.25289415696531,0.249991671997548,0.249991671997548,0.247122499039594,0.999999999578587
1.05693455355799e-09,0.497033320480512,0.252975480700332,0.249991198819156,0.249991198819156,0.247042121661356,0.999999999566834
1.0866061138546e-09,0.496950209614181,0.253059091600508,0.249990698785311,0.249990698785311,0.246959510828871,0.999999999554754
1.11711065050482e-09,0.496864775528421,0.253145054097172,0.249990170374407,0.249990170374407,0.246874605154014,0.999999999542341
1.14847154784029e-09,0.496776953579086,0.25323343444206,0.249989611978854,0.249989611978854,0.246787341600232,0.999999999529583
1.18071284666619e-09,0.496686677340786,0.253324300758977,0.249989021900237,0.249989021900237,0.246697655440549,0.999999999516473
1.21385926269063e-09,0.496593878558845,0.253417723096944,0.249988398344211,0.249988398344211,0.246605480214634,0.999999999503
1.24793620547131e-09,0.496498487100041,0.253513773484858,0.249987739415101,0.249987739415101,0.24651074768494,0.999999999489154
1.28296979789415e-09,0.496400430902074,0.253612525987714,0.249987043110212,0.249987043110212,0.246413387791862,0.999999999474926
1.31898689619867e-09,0.496299635921761,0.253714056764429,0.24998630731381,0.24998630731381,0.246313328607951,0.999999999460305
1.35601511056563e-09,0.496196026081903,0.253818444127321,0.249985529790776,0.249985529790776,0.246210496291127,0.99999999944528
1.39408282628258e-09,0.496089523216822,0.253925768603274,0.249984708179904,0.249984708179905,0.246104815036917,0.999999999429841
1.43321922550358e-09,0.495980047016515,0.254036112996661,0.249983839986824,0.249983839986824,0.245996207029692,0.999999999413976
1.47345430961984e-09,0.495867514969419,0.254149562454052,0.249982922576528,0.249982922576528,0.245884592392891,0.999999999397673
1.51481892225835e-09,0.495751842303735,0.254266204530772,0.249981953165494,0.249981953165494,0.245769889138241,0.999999999380921
1.55734477292614e-09,0.495632941927298,0.25438612925935,0.249980928813352,0.249980928813352,0.245652013113946,0.999999999363708
1.60106446131832e-09,0.495510724365966,0.254509429219926,0.249979846414108,0.249979846414108,0.245530877951858,0.99999999934602
1.64601150230855e-09,0.495385097700477,0.254636199612661,0.249978702686863,0.249978702686863,0.245406395013614,0.999999999327846
1.69222035164104e-09,0.49525596750177,0.254766538332199,0.24997749416603,0.249977494166031,0.24527847333574,0.999999999309173
1.7397264323438e-09,0.495123236764726,0.254900546044267,0.249976217191007,0.249976217191007,0.245147019573718,0.999999999289986
1.78856616188346e-09,0.494986805840297,0.255038326264433,0.24997486789527,0.24997486789527,0.245011937945027,0.999999999270273
1.83877698008233e-09,0.494846572366009,0.255179985439116,0.249973442194875,0.249973442194875,0.244873130171133,0.999999999250019
1.89039737781922e-09,0.49470243119479,0.255325633028892,0.249971935776317,0.249971935776317,0.244730495418473,0.999999999229208
1.94346692653602e-09,0.494554274322111,0.255475381594167,0.249970344083722,0.249970344083722,0.244583930238389,0.999999999207828
1.99802630857255e-09,0.494401990811398,0.255629346883271,0.249968662305331,0.249968662305331,0.244433328506067,0.999999999185862
2.05411734835306e-09,0.494245466717697,0.255787647923059,0.249966885359244,0.249966885359244,0.244278581358453,0.999999999163295
2.11178304444824e-09,0.494084585009556,0.255950407112069,0.249965007878375,0.249965007878375,0.24411957713118,0.999999999140111
2.17106760253726e-09,0.493919225489102,0.256117750316313,0.249963024194585,0.249963024194585,0.243956201294517,0.999999999116292
2.23201646929523e-09,0.493749264710284,0.256289806967778,0.249960928321937,0.249960928321937,0.243788336388347,0.999999999091824
2.29467636723194e-09,0.493574575895259,0.256466710165696,0.249958713939045,0.249958713939045,0.243615861956214,0.999999999066688
2.35909533050864e-09,0.493395028848884,0.256648596780671,0.249956374370445,0.249956374370445,0.243438654478438,0.999999999040866
2.42532274176036e-09,0.493210489871312,0.256835607561732,0.249953902566956,0.249953902566956,0.243256587304356,0.999999999014341
2.49340936995188e-09,0.49302082166865,0.257027887246384,0.249951291084965,0.249951291084965,0.243069530583685,0.999999998987094
2.56340740929651e-09,0.492825883261664,0.257225584673753,0.249948532064583,0.249948532064583,0.24287735119708,0.999999998959106
2.63537051926739e-09,0.492625529892508,0.257428852900877,0.249945617206616,0.249945617206616,0.242679912685892,0.999999998930358
2.70935386573205e-09,0.492419612929472,0.257637849322251,0.249942537748277,0.249942537748277,0.242477075181195,0.999999998900829
2.78541416324176e-09,0.492207979769712,0.257852735792695,0.249939284437593,0.249939284437593,0.242268695332119,0.9999999988705
2.86360971850811e-09,0.491990473739959,0.258073678753631,0.24993584750641,0.24993584750641,0.24205462623355,0.999999998839349
2.94400047510004e-09,0.491766933995202,0.258300849362848,0.24993221664195,0.24993221664195,0.241834717353252,0.999999998807355
3.0266480593957e-09,0.491537195415312,0.258534423627856,0.249928380956833,0.249928380956833,0.241608814458479,0.999999998774496
3.11161582782436e-09,0.491301088499631,0.258774582542895,0.249924328957474,0.249924328957474,0.241376759542157,0.99999999874075
3.19896891543454e-09,0.491058439259494,0.25902151222971,0.249920048510796,0.249920048510796,0.241138390748698,0.999999998706093
3.28877428582551e-09,0.490809069108702,0.259275404082154,0.249915526809144,0.249915526809144,0.240893542299558,0.999999998670502
3.38110078248068e-09,0.490552794751939,0.259536454914733,0.249910750333327,0.249910750333327,0.240642044418612,0.999999998633954
3.47601918154197e-09,0.490289428071149,0.259804867115162,0.249905704813688,0.249905704813688,0.240383723257461,0.999999998596424
3.57360224606578e-09,0.490018776009872,0.260080848801034,0.249900375189094,0.249900375189094,0.240118400820778,0.999999998557886
3.67392478180208e-09,0.489740640455568,0.260364613980683,0.249894745563749,0.249894745563749,0.239845894891819,0.999999998518315
3.77706369453937e-09,0.489454818119946,0.260656382718336,0.249888799161718,0.249888799161718,0.239566018958229,0.999999998477684
3.88309804905961e-09,0.489161100417321,0.260956381303635,0.249882518279043,0.249882518279043,0.239278582138278,0.999999998435967
3.99210912974805e-09,0.488859273341034,0.261264842425628,0.249875884233338,0.249875884233338,0.238983389107696,0.999999998393136
4.10418050290471e-09,0.488549117337979,0.261582005351296,0.249868877310725,0.249868877310725,0.238680240027255,0.999999998349163
4.21939808080502e-09,0.488230407181283,0.261908116108719,0.249861476709998,0.249861476709998,0.238368930471285,0.99999999830402
4.33785018755898e-09,0.487902911841184,0.262243427674953,0.249853660483863,0.249853660483863,0.238049251357321,0.999999998257677
4.45962762681909e-09,0.487566394354184,0.262588200168701,0.249845405477115,0.249845405477115,0.237720988877068,0.999999998210104
4.58482375138911e-09,0.487220611690538,0.262942701047852,0.24983668726161,0.24983668726161,0.237383924428929,0.999999998161271
4.71353453478692e-09,0.486865314620171,0.263307205311962,0.249827480067867,0.249827480067867,0.237037834552305,0.999999998111147
4.8458586448165e-09,0.486500247577099,0.263681995709749,0.249817756713152,0.249817756713152,0.236682490863947,0.999999998059699
4.98189751920517e-09,0.486125148522475,0.264067362951661,0.249807488525864,0.249807488525864,0.236317659996611,0.999999998006896
5.12175544336424e-09,0.485739748806366,0.264463605927577,0.249796645266056,0.249796645266056,0.23594310354031,0.999999997952703
5.26553963033276e-09,0.485343773028392,0.264871031929696,0.249785195041912,0.249785195041912,0.23555857798648,0.999999997897088
5.41336030296538e-09,0.484936938897364,0.26528995688065,0.249773104221986,0.249773104221986,0.235163834675377,0.999999997840015
5.56533077842764e-09,0.484518957090087,0.265720705566892,0.249760337343022,0.249760337343021,0.234758619747065,0.999999997781451
5.72156755506324e-09,0.484089531109498,0.266163611877366,0.249746857013137,0.249746857013137,0.234342674096361,0.999999997721357
5.88219040169997e-09,0.483648357142326,0.266619019047494,0.24973262381018,0.24973262381018,0.233915733332146,0.9999999976597
6.04732244946265e-09,0.483195123916489,0.267087279908475,0.249717596175036,0.249717596175036,0.233477527741453,0.999999997596441
6.21709028616383e-09,0.48272951255845,0.267568757141886,0.249701730299664,0.249701730299664,0.233027782258787,0.999999997531542
6.39162405334401e-09,0.482251196450791,0.268063823539569,0.24968498000964,0.24968498000964,0.232566216441152,0.999999997464964
6.57105754603627e-09,0.481759841090267,0.26857286226876,0.249667296640974,0.249667296640974,0.232092544449293,0.99999999739667
6.75552831533164e-09,0.481255103946641,0.269096267142404,0.249648628910954,0.249648628910954,0.231606475035687,0.999999997326618
6.94517777382369e-09,0.480736634322631,0.269634442894581,0.249628922782788,0.249628922782788,0.231107711539843,0.999999997254769
7.14015130401339e-09,0.480204073215295,0.270187805460937,0.249608121323768,0.249608121323768,0.230595951891527,0.999999997181082
7.3405983697572e-09,0.479657053179257,0.270756782264013,0.24958616455673,0.24958616455673,0.230070888622527,0.999999997105513
7.5466726308439e-09,0.479095198192168,0.271341812503303,0.249562989304529,0.249562989304529,0.229532208887639,0.999999997028021
7.75853206078784e-09,0.478518123522847,0.271943347449883,0.24953852902727,0.24953852902727,0.228979594495577,0.999999996948563
7.97633906792928e-09,0.477925435602578,0.272561850745388,0.249512713652034,0.249512713652034,0.228412721950544,0.999999996867095
8.20026061993413e-09,0.477316731900085,0.273197798705093,0.249485469394822,0.249485469394822,0.227831262505263,0.999999996783572
8.43046837178897e-09,0.476691600800715,0.273851680624834,0.249456718574451,0.249456718574451,0.227234882226264,0.99999999669795
8.66713879738922e-09,0.476049621490453,0.274523999091418,0.249426379418129,0.249426379418129,0.226623242072324,0.999999996610184
8.9104533248215e-09,0.475390363845379,0.275215270296184,0.249394365858437,0.249394365858437,0.225995997986942,0.999999996520226
9.16059847544369e-09,0.474713388327269,0.275926024351274,0.249360587321458,0.249360587321458,0.225352801005811,0.999999996428031
9.41776600686954e-09,0.474018245886059,0.276656805608161,0.24932494850578,0.24932494850578,0.224693297380279,0.999999996333551
9.6821530599671e-09,0.473304477869971,0.277408172977908,0.249287349152121,0.249287349152121,0.224017128717851,0.999999996236738
9.95396230998424e-09,0.472571615944122,0.278180700252555,0.249247683803323,0.249247683803323,0.223323932140799,0.999999996137544
1.02334021219164e-08,0.471819182018519,0.278974976426995,0.249205841554486,0.249205841554486,0.222613340464034,0.999999996035921
1.05206867102362e-08,0.471046688186398,0.279791606020609,0.249161705792993,0.249161705792993,0.221884982393405,0.999999995931819
1.08160363031071e-08,0.470253636673912,0.280631209397842,0.249115153928246,0.249115153928246,0.221138482745666,0.99999999582519
1.1119677311207e-08,0.469439519802261,0.281494423086851,0.249066057110889,0.249066057110889,0.220373462691372,0.999999995715983
1.14318425012915e-08,0.468603819963405,0.282381900095222,0.249014279941374,0.249014279941374,0.219589540022031,0.999999995604148
1.17527711746295e-08,0.467746009610588,0.283294310221703,0.248959680167709,0.248959680167709,0.218786329442878,0.999999995489635
1.20827093504478e-08,0.466865551264961,0.284232340362751,0.248902108372288,0.248902108372288,0.217963442892673,0.999999995372394
1.24219099545262e-08,0.465961897539681,0.285196694812615,0.248841407647704,0.248841407647704,0.217120489891978,0.999999995252373
1.27706330130864e-08,0.465034491182936,0.28618809555553,0.248777413261534,0.248777413261534,0.216257077921402,0.999999995129523
1.31291458521247e-08,0.464082765141423,0.2872072825485,0.248709952310078,0.248709952310078,0.215372812831345,0.999999995003791
1.34977233023394e-08,0.463106142645907,0.288255013992973,0.24863884336112,0.24863884336112,0.214467299284786,0.999999994875128
1.38766479098131e-08,0.462104037320558,0.289332066593612,0.24856389608583,0.24856389608583,0.213540141234728,0.999999994743483
1.42662101526074e-08,0.461075853317861,0.290439235802166,0.248484910879973,0.248484910879973,0.212590942437888,0.999999994608804
1.46667086634397e-08,0.460020985480984,0.291577336044322,0.248401678474693,0.248401678474693,0.211619307006291,0.999999994471042
1.50784504586105e-08,0.45893881953558,0.292747200927221,0.248313979537198,0.248313979537198,0.210624839998382,0.999999994330147
1.55017511733577e-08,0.457828732313092,0.293949683425149,0.248221584261759,0.248221584261759,0.209607148051332,0.999999994186068
1.59369353038178e-08,0.456690092007723,0.295185656040722,0.248124251951556,0.248124251951556,0.208565840056167,0.999999994038757
1.63843364557798e-08,0.455522258469335,0.296456010938679,0.248021730591986,0.248021730591986,0.20750052787735,0.999999993888166
1.68442976004231e-08,0.454324583534615,0.297761660049195,0.24791375641619,0.24791375641619,0.206410827118425,0.999999993734245
1.73171713372335e-08,0.453096411398957,0.299103535137378,0.247800053463666,0.247800053463665,0.205296357935291,0.999999993576949
1.78033201643011e-08,0.451837079031592,0.300482587835429,0.247680333132979,0.247680333132979,0.204156745898613,0.999999993416231
1.83031167562061e-08,0.450545916636582,0.301899789633658,0.24755429372976,0.24755429372976,0.202991622906822,0.999999993252046
1.88169442497056e-08,0.449222248162378,0.303356131826321,0.247421620011301,0.247421620011301,0.201800628151078,0.99999999308435
1.93451965374404e-08,0.447865391862713,0.304852625408006,0.247281982729282,0.247281982729282,0.200583409133431,0.999999992913099
1.98882785698881e-08,0.446474660911686,0.306390300915978,0.247135038172335,0.247135038172335,0.199339622739351,0.999999992738253
2.04466066657912e-08,0.445049364075945,0.307970208213698,0.246980427710357,0.246980427710357,0.198068936365588,0.999999992559771
2.10206088313016e-08,0.443588806446917,0.309593416210376,0.246817777342707,0.246817777342707,0.19677102910421,0.999999992377616
2.16107250880838e-08,0.442092290236103,0.311261012511218,0.24664669725268,0.24664669725268,0.195445592983423,0.99999999219175
2.22174078106288e-08,0.440559115636454,0.312974102992687,0.24646678137086,0.246466781370859,0.194092334265594,0.999999992002141
2.28411220730383e-08,0.438988581752876,0.314733811296858,0.246277606950265,0.246277606950265,0.192710974802611,0.999999991808754
2.34823460055428e-08,0.437379987604896,0.316541278238657,0.246078734156447,0.246078734156447,0.19130125344845,0.999999991611561
2.41415711610302e-08,0.435732633204484,0.31839766111951,0.245869705676005,0.245869705676005,0.189862927528479,0.999999991410533
2.48193028918626e-08,0.434045820712007,0.320304132940682,0.245650046347311,0.245650046347311,0.188395774364696,0.999999991205646
2.55160607372719e-08,0.432318855673182,0.322261881509312,0.245419262817507,0.245419262817507,0.186899592855675,0.999999990996878
2.62323788216312e-08,0.430551048339803,0.324272108429973,0.245176843230224,0.245176843230224,0.185374205109579,0.99999999078421
2.69688062639069e-08,0.428741715076894,0.326336027974337,0.244922256948769,0.244922256948769,0.183819458128125,0.999999990567625
2.77259075986048e-08,0.426890179858737,0.328454865821378,0.244654954319885,0.244654954319885,0.182235225538853,0.999999990347112
2.85042632085343e-08,0.424995775856041,0.330629857660412,0.244374366483547,0.244374366483547,0.180621409372494,0.999999990122662
2.93044697697214e-08,0.423057847116249,0.332862247649153,0.244079905234598,0.244079905234598,0.178977941881651,0.999999989894269
3.01271407088116e-08,0.42107575033869,0.335153286718941,0.24377096294237,0.243770962942369,0.17730478739632,0.999999989661932
3.09729066733141e-08,0.419048856745912,0.337504230719295,0.243446912534794,0.243446912534794,0.175601944211118,0.999999989425655
3.18424160150466e-08,0.416976554052156,0.339916338394015,0.243107107553829,0.243107107553829,0.173869446498327,0.999999989185444
3.27363352871525e-08,0.414858248529453,0.342390869181215,0.242750882289332,0.242750882289332,0.172107366240122,0.999999988941313
3.36553497550709e-08,0.412693367171293,0.344929080829898,0.242377551998809,0.242377551998809,0.170315815172484,0.999999988693277
3.46001639218511e-08,0.410481359953259,0.347532226826004,0.241986413220737,0.241986413220737,0.168494946732522,0.999999988441359
3.55715020682138e-08,0.408221702189333,0.350201553621313,0.241576744189354,0.241576744189354,0.166644957999979,0.999999988185585
3.65701088077749e-08,0.40591389698187,0.352938297659109,0.241147805359021,0.241147805359021,0.164766091622849,0.999999987925988
3.75967496578547e-08,0.403557477762435,0.355743682191212,0.240698840046353,0.240698840046352,0.162858637716083,0.999999987662605
3.86522116263126e-08,0.401152010919827,0.358618913881784,0.240229075198389,0.240229075198389,0.160922935721438,0.999999987395481
3.97373038148561e-08,0.398697098510659,0.361565179194283,0.239737722295058,0.239737722295058,0.158959376215601,0.999999987124665
4.08528580392857e-08,0.396192381046855,0.364583640559074,0.239223978394071,0.239223978394071,0.156968402652783,0.999999986850212
4.19997294671531e-08,0.393637540353294,0.367675432320498,0.238687027326208,0.238687027326208,0.154950513027085,0.999999986572184
4.31787972733202e-08,0.391032302487705,0.370841656463675,0.23812604104862,0.23812604104862,0.152906261439085,0.99999998629065
4.43909653139217e-08,0.388376440713638,0.374083378122994,0.237540181163368,0.237540181163368,0.15083625955027,0.999999986005683
4.56371628192476e-08,0.385669778516044,0.377401620876106,0.236928600607851,0.236928600607851,0.148741177908193,0.999999985717366
4.6918345106078e-08,0.382912192647659,0.380797361829284,0.236290445523057,0.236290445523057,0.146621747124602,0.999999985425785
4.82354943100147e-08,0.380103616192941,0.384271526502304,0.235624857304755,0.235624857304755,0.144478758888185,0.999999985131037
4.95896201383721e-08,0.377244041634895,0.387824983523437,0.234930974841668,0.234930974841668,0.142313066793228,0.999999984833221
5.09817606442043e-08,0.374333523908649,0.391458539147823,0.234207936943528,0.234207936943528,0.140125586965122,0.999999984532447
5.24129830220606e-08,0.371372183424148,0.395172931615335,0.233454884960517,0.233454884960517,0.137917298463631,0.999999984228829
5.38843844260822e-08,0.368360209038904,0.39896882536705,0.232670965594045,0.232670965594045,0.135689243444859,0.99999998392249
5.5397092811064e-08,0.365297860960295,0.402846805142621,0.231855333897084,0.231855333897084,0.133442527063212,0.999999983613558
5.69522677971282e-08,0.362185473555512,0.406807369984135,0.231007156460353,0.231007156460353,0.131178317095159,0.999999983302168
5.85511015586724e-08,0.359023458046003,0.410850927175433,0.230125614778564,0.230125614778564,0.128897843267439,0.999999982988463
6.01948197382727e-08,0.355812305062054,0.414977786149314,0.229209908788632,0.229209908788632,0.126602396273422,0.999999982672591
6.18846823862438e-08,0.352552587032112,0.419188152398505,0.228259260569382,0.228259260569382,0.12429332646273,0.999999982354707
6.3621984926575e-08,0.349244960380612,0.423482121429698,0.22727291818969,0.22727291818969,0.121972042190922,0.999999982034971
6.54080591499826e-08,0.34589016750739,0.42785967280328,0.22625015968933,0.22625015968933,0.11964000781806,0.99999998171355
6.72442742348425e-08,0.342489038521375,0.43232066430455,0.225190297174075,0.225190297174075,0.1172987413473,0.999999981390616
6.91320377967813e-08,0.339042492701121,0.436864826295122,0.224092681003757,0.224092681003757,0.114949811697364,0.999999981066347
7.10727969677341e-08,0.335551539654903,0.44149175629585,0.222956704049247,0.222956704049247,0.112594835605657,0.999999980740924
7.30680395052951e-08,0.332017280153658,0.446200913854842,0.2217818059915,0.2217818059915,0.110235474162157,0.999999980414536
7.51192949332097e-08,0.328440906610925,0.450991615755865,0.22056747763321,0.22056747763321,0.107873428977714,0.999999980087373
7.72281357138864e-08,0.32482370318527,0.455863031623683,0.219313265191047,0.219313265191047,0.105510437994223,0.999999979759629
7.93961784538228e-08,0.321167045482379,0.460814179983416,0.218018774534206,0.218018774534206,0.103148270948173,0.999999979431503
8.16250851428724e-08,0.317472399836168,0.465843924830893,0.216683675332939,0.216683675332939,0.100788724503229,0.999999979103195
8.39165644283016e-08,0.313741322150887,0.470950972770043,0.215307705079069,0.215307705079069,0.098433617071818,0.999999978774909
8.62723729246145e-08,0.309975456289174,0.47613387077164,0.213890672939187,0.213890672939187,0.0960847833499868,0.999999978446847
8.8694316560147e-08,0.30617653199454,0.481391004605037,0.212432463400423,0.212432463400423,0.0937440685941171,0.999999978119217
9.11842519614656e-08,0.302346362340606,0.486720597991038,0.210933039668356,0.210933039668356,0.0914133226722502,0.999999977792224
9.374408787663e-08,0.298486840703644,0.492120712519475,0.209392446776881,0.209392446776881,0.0890943939267634,0.999999977466074
9.63757866384109e-08,0.294599937259561,0.497589248369728,0.207810814370711,0.207810814370711,0.0867891228888499,0.999999977140972
9.90813656685867e-08,0.290687695011274,0.503123945866045,0.206188359122681,0.206188359122681,0.0844993358885923,0.999999976817122
1.01862899024469e-07,0.286752225357478,0.508722387892362,0.204525386750159,0.204525386750159,0.0822268386073189,0.999999976494725
1.04722518988844e-07,0.282795703218944,0.5143820031834,0.202822293597656,0.202822293597656,0.0799734096212882,0.999999976173982
1.07662417704549e-07,0.278820361743678,0.520100070500154,0.201079567756168,0.201079567756168,0.0777407939875095,0.999999975855086
1.10684848854941e-07,0.274828486617432,0.525873723688739,0.199297789693828,0.199297789693828,0.0755306969236042,0.999999975538232
1.13792129391531e-07,0.270822410011014,0.531699957611956,0.19747763237703,0.19747763237703,0.0733447776339838,0.999999975223605
1.16986641310131e-07,0.266804504200581,0.537575634933086,0.195619860866333,0.195619860866333,0.0711846433342476,0.999999974911389
1.20270833476851e-07,0.262777174901507,0.543497493721532,0.193725331376961,0.193725331376962,0.0690518435245451,0.999999974601762
1.23647223505371e-07,0.258742854360316,0.549462155840089,0.191794989799595,0.191794989799595,0.0669478645607215,0.999999974294894
1.27118399686903e-07,0.254703994252606,0.55546613606415,0.189829869683244,0.189829869683244,0.0648741245693626,0.999999973990949
1.30687022974335e-07,0.250663058437658,0.561505851874125,0.187831089688217,0.187831089688217,0.0628319687494407,0.999999973690086
1.34355829022083e-07,0.246622515622553,0.567577633854048,0.185799850523399,0.185799850523399,0.0608226650991539,0.999999973392455
1.38127630283201e-07,0.242584831990005,0.573677736621843,0.183737431388151,0.183737431388151,0.0588474006018543,0.999999973098198
1.42005318165368e-07,0.238552463844711,0.579802350210306,0.181645185944983,0.181645185944983,0.0569072778997272,0.99999997280745
1.45991865247398e-07,0.234527850332876,0.585947611812487,0.179524537854637,0.179524537854637,0.0550033124782398,0.999999972520338
1.50090327557974e-07,0.230513406288631,0.592109617801157,0.177376975910212,0.177376975910212,0.0531364303784182,0.999999972236979
1.54303846918356e-07,0.226511515259301,0.598284435929253,0.175204048811445,0.175204048811445,0.0513074664478558,0.999999971957482
1.58635653350859e-07,0.222524522759113,0.604468117616897,0.173007359623989,0.173007359623989,0.0495171631351239,0.999999971681948
1.63089067554933e-07,0.218554729797757,0.610656710230564,0.170788559971678,0.170788559971678,0.0477661698260793,0.999999971410469
1.6766750345277e-07,0.21460438672655,0.61684626926143,0.16854934401202,0.16854934401202,0.0460550427145301,0.999999971143128
1.72374470806362e-07,0.210675687440695,0.623032870312594,0.166291442246711,0.166291442246711,0.0443842451939837,0.999999970879998
1.77213577908036e-07,0.206770763971476,0.629212620808866,0.164016615219657,0.164016615219657,0.0427541487518191,0.999999970621144
1.82188534346517e-07,0.202891681497241,0.635381671347832,0.161726647154928,0.161726647154928,0.0411650343423134,0.999999970366624
1.87303153850643e-07,0.199040433796789,0.641536226616998,0.159423339586213,0.159423339586213,0.0396170942105756,0.999999970116484
1.9256135721292e-07,0.195218939163471,0.647672555808714,0.157108505027816,0.157108505027816,0.0381104341356551,0.999999969870765
1.97967175295133e-07,0.191429036792909,0.653787002472121,0.15478396073497,0.15478396073497,0.0366450760579391,0.999999969629499
2.03524752118358e-07,0.187672483651982,0.659875993749499,0.152451522598519,0.152451522598519,0.0352209610534621,0.999999969392708
2.09238348039698e-07,0.183950951831574,0.665936048952776,0.15011299921565,0.15011299921565,0.0338379526159242,0.999999969160409
2.15112343018217e-07,0.180266026380728,0.671963787444586,0.147770186174686,0.147770186174686,0.0324958402060414,0.999999968932611
2.21151239972549e-07,0.176619203615239,0.677955935796846,0.145424860587916,0.145424860587916,0.0311943430273227,0.999999968709315
2.27359668232772e-07,0.173011889889563,0.683909334208303,0.143078775902133,0.143078775902133,0.0299331139874301,0.999999968490517
2.33742387089181e-07,0.16944540081711,0.689820942170682,0.140733657012207,0.140733657012207,0.0287117438049027,0.999999968276204
2.40304289440697e-07,0.165920960920646,0.695687843380858,0.138391195698496,0.138391195698496,0.02752976522215,0.99999996806636
2.47050405545683e-07,0.162439703691701,0.701507249903779,0.13605304640452,0.13605304640452,0.026386657287181,0.999999967860962
2.53985906878073e-07,0.159002672035445,0.707276505597593,0.133720822366962,0.133720822366962,0.0252818496684834,0.999999967659982
2.61116110091746e-07,0.155610819075616,0.712993088818486,0.131396092105898,0.131396092105898,0.0242147269697187,0.999999967463385
2.68446481096197e-07,0.152265009292613,0.718654614428174,0.129080376279213,0.129080376279213,0.0231846330133994,0.999999967271136
2.75982639246618e-07,0.148966019966877,0.724258835131647,0.126775144901477,0.126775144901477,0.0221908750654001,0.999999967083191
2.83730361651621e-07,0.145714542899096,0.72980364217676,0.124481814924144,0.124481814924144,0.0212327279749515,0.999999966899505
2.91695587601879e-07,0.142511186378557,0.735287065450522,0.12220174817092,0.12220174817092,0.0203094382076369,0.999999966720029
2.99884423123102e-07,0.139356477371143,0.740707273009499,0.119936249619359,0.119936249619359,0.0194202277517841,0.999999966544711
3.08303145656828e-07,0.13625086389891,0.746062570083671,0.117686566017419,0.117686566017419,0.0185642978814911,0.999999966373494
3.16958208872612e-07,0.133194717583953,0.751351397594382,0.115453884821665,0.115453884821665,0.0177408327622873,0.999999966206321
3.25856247615323e-07,0.130188336330188,0.756572330227717,0.113239333442095,0.113239333442095,0.0169490028880935,0.999999966043132
3.35004082991314e-07,0.127231947117902,0.761724074104861,0.111043978777237,0.111043978777237,0.0161879683406643,0.999999965883865
3.44408727597382e-07,0.124325708887171,0.766805464090716,0.108868827022112,0.108868827022112,0.0154568818650591,0.999999965728456
3.54077390896527e-07,0.121469715487756,0.771815460781366,0.106714823730878,0.106714823730878,0.0147548917568782,0.999999965576839
3.64017484744614e-07,0.11866399867453,0.776753147209943,0.104582854115527,0.104582854115527,0.0140811445590033,0.999999965428948
3.74236629072198e-07,0.115908531129138,0.781617725309119,0.102473743561742,0.102473743561742,0.0134347875673958,0.999999965284716
3.84742657725851e-07,0.113203229490142,0.786408512166839,0.10038825834302,0.10038825834302,0.0128149711471223,0.999999965144074
3.9554362447347e-07,0.110547957375531,0.791124936110146,0.0983271065143231,0.098327106514323,0.0122208508612081,0.999999965006954
4.06647809178186e-07,0.107942528383068,0.79576653265002,0.0962909389669116,0.0962909389669116,0.0116515894161569,0.999999964873285
4.18063724145576e-07,0.105386709055481,0.800332940318073,0.0942803506264457,0.0942803506264458,0.0111063584290357,0.999999964742998
4.2980012064908e-07,0.102880221799021,0.804823896423873,0.0922958817771063,0.0922958817771063,0.0105843400219148,0.999999964616025
4.41865995638594e-07,0.100422747745343,0.809239232759492,0.0903380194951649,0.0903380194951649,0.0100847282501783,0.999999964492294
4.54270598637404e-07,0.0980139295480365,0.813578871275731,0.0884071991762327,0.0884071991762326,0.00960673037180385,0.999999964371738
4.67023438832733e-07,0.0956533741064081,0.817842819752334,0.0865038061412578,0.0865038061412578,0.00914956796515036,0.999999964254286
4.80134292365345e-07,0.0933406552103448,0.822031167482423,0.0846281773072322,0.0846281773072322,0.00871247790311254,0.999999964139871
4.93613209823792e-07,0.0910753161011846,0.826144080989338,0.082780602909477,0.082780602909477,0.00829471319170766,0.999999964028424
5.07470523949047e-07,0.088856871944568,0.830181799792132,0.0809613282633,0.0809613282633,0.00789554368126792,0.999999963919878
5.21716857555435e-07,0.0866848122121756,0.83414463223408,0.0791705555537445,0.0791705555537446,0.00751425665843103,0.999999963814166
5.36363131673925e-07,0.0845586029701305,0.838032951386807,0.0774084456430625,0.0774084456430625,0.007150157327068,0.999999963711222
5.5142057392403e-07,0.0824776890726028,0.841847191040959,0.0756751198864385,0.0756751198864385,0.00680256918616425,0.999999963610981
5.66900727120743e-07,0.0804414962598634,0.84558784179277,0.0739706619473666,0.0739706619473666,0.00647083431249676,0.999999963513379
5.82815458123084e-07,0.078449433160644,0.849255447234439,0.0722951196049166,0.0722951196049166,0.00615431355572747,0.999999963418351
5.99176966931061e-07,0.0765008931992091,0.852850600254858,0.0706485065459333,0.0706485065459333,0.00585238665327575,0.999999963325837
6.15997796038017e-07,0.0745952564080238,0.856373939455998,0.0690308041359786,0.0690308041359786,0.00556445227204514,0.999999963235775
6.33290840045511e-07,0.0727318911473174,0.859826145689135,0.0674419631635473,0.0674419631635473,0.00528992798377009,0.999999963148103
6.51069355548147e-07,0.070910155733194,0.863207938714034,0.0658819055527721,0.0658819055527721,0.00502825018042191,0.999999963062764
6.69346971295867e-07,0.0691293999762494,0.866520073983279,0.0643505260404716,0.0643505260404716,0.00477887393577777,0.999999962979699
6.88137698641567e-07,0.0673889666328998,0.869763339553113,0.0628476938139872,0.0628476938139872,0.00454127281891261,0.999999962898851
7.07455942281988e-07,0.0656881927718397,0.872938553121351,0.0613732541068088,0.0613732541068088,0.00431493866503092,0.999999962820164
7.27316511300145e-07,0.0640264110582092,0.876046559192293,0.0599270297494976,0.0599270297494976,0.00409938130871163,0.999999962743583
7.47734630517758e-07,0.0624029509581823,0.879088226367937,0.0585088226738802,0.0585088226738803,0.00389412828430202,0.999999962669054
7.68725952166374e-07,0.0608171398667847,0.882064444764296,0.0571184153689193,0.0571184153689193,0.00369872449786537,0.999999962596526
7.90306567886135e-07,0.0592683041618169,0.884976123551132,0.0557555722870515,0.0557555722870515,0.00351273187476544,0.999999962525946
8.12493021061405e-07,0.0577557701867987,0.887824188613062,0.0544200412001392,0.0544200412001392,0.00333572898665953,0.999999962457264
8.35302319502679e-07,0.0562788651658735,0.890609580329626,0.0531115545045003,0.0531115545045003,0.00316731066137322,0.999999962390431
8.58751948484518e-07,0.0548369180536091,0.893333251471625,0.0518298304747658,0.0518298304747658,0.00300708757884327,0.999999962325399
8.82859884149515e-07,0.0534292603226109,0.895996165210821,0.0505745744665683,0.0505745744665683,0.00285468585604262,0.999999962262121
9.07644607288536e-07,0.0520552266918373,0.898599293239868,0.0493454800682944,0.0493454800682944,0.0027097466235429,0.99999996220055
9.33125117507824e-07,0.0507141557984568,0.901143613999211,0.0481422302023317,0.0481422302023318,0.00257192559612509,0.999999962140643
9.59320947793823e-07,0.0494053908160342,0.903630111007551,0.0469644981764152,0.0469644981764152,0.00244089263961901,0.999999962082356
9.86252179486878e-07,0.0481282800217684,0.906059771292399,0.0458119486858326,0.0458119486858326,0.00231633133593578,0.999999962025645
1.01393945767529e-06,0.046882177315434,0.908433583917188,0.0446842387673783,0.0446842387673782,0.00219793854805573,0.999999961970469
1.04240400702156e-06,0.045666442692601,0.910752538601343,0.043581018706056,0.0435810187060561,0.00208542398654492,0.999999961916787
1.07166764803286e-06,0.0444804426746283,0.913017624429742,0.0425019328956296,0.0425019328956296,0.00197850977899867,0.99999996186456
1.10175281378839e-06,0.0433235506978395,0.915229828647968,0.0414466206541923,0.0414466206541922,0.00187693004364718,0.999999961813749
1.13268256713615e-06,0.0421951474642057,0.917390135539797,0.0404147169959974,0.0404147169959973,0.00178043046820833,0.999999961764315
1.16448061837269e-06,0.0410946212557703,0.919499525383393,0.0394058533608368,0.0394058533608368,0.00168876789493357,0.999999961716224
1.19717134341897e-06,0.0400213682149629,0.92155897348274,0.0384196583022976,0.0384196583022976,0.00160170991266532,0.999999961669438
1.23077980250667e-06,0.0389747925928598,0.923569449270887,0.0374557581362527,0.0374557581362527,0.0015190344566071,0.999999961623922
1.26533175938894e-06,0.0379543069673626,0.925531915481675,0.036513777550962,0.036513777550962,0.00144052941640054,0.999999961579643
1.30085370109057e-06,0.0369593324331748,0.927447327386656,0.0355933401801696,0.0355933401801696,0.00136599225300528,0.999999961536567
1.3373728582125e-06,0.0359892987653766,0.929316632094036,0.0346940691405872,0.0346940691405872,0.00129522962478936,0.999999961494662
1.37491722580642e-06,0.0350436445583064,0.931140767906544,0.03381558753515,0.0338155875351499,0.00122805702315644,0.999999961453897
1.4135155848354e-06,0.034121817341382,0.932920663735199,0.0329575189234186,0.0329575189234186,0.00116429841796342,0.99999996141424
1.4531975242369e-06,0.0332232736734094,0.934657238566097,0.0321194877604932,0.0321194877604932,0.00110378591291616,0.999999961375663
1.49399346360526e-06,0.0323474792168515,0.936351400977369,0.0313011198057796,0.0313011198057796,0.00104635941107182,0.999999961338135
1.5359346765109e-06,0.0314939087934533,0.938004048703617,0.0305020425029301,0.0305020425029301,0.000991866290523234,0.999999961301628
1.57905331447418e-06,0.0306620464225467,0.9396160682452,0.0297218853322531,0.029721885332253,0.000940161090293654,0.999999961266116
1.62338243161228e-06,0.0298513853432872,0.941188334519854,0.0289602801368592,0.0289602801368592,0.000891105206427938,0.999999961231571
1.66895600997803e-06,0.0290614280220086,0.942721710554212,0.0282168614237793,0.0282168614237793,0.000844566598229303,0.999999961197966
1.71580898561001e-06,0.0282916861458164,0.944217047212925,0.0274912666412583,0.0274912666412583,0.00080041950455802,0.999999961165277
1.76397727531405e-06,0.0275416806034754,0.945675182963129,0.0267831364333956,0.0267831364333956,0.00075854417007974,0.999999961133478
1.8134978041965e-06,0.0268109414545926,0.947096943672141,0.0260921148732662,0.0260921148732662,0.00071882658132642,0.999999961102546
1.86440853397049e-06,0.0260990078880337,0.948483142436344,0.0254178496756224,0.0254178496756224,0.000681158212411273,0.999999961072456
1.91674849205681e-06,0.0254054281704607,0.949834579439299,0.0247599923902398,0.0247599923902399,0.000645435780220885,0.999999961043187
1.9705578015018e-06,0.0247297595858249,0.951152041837242,0.0241181985769328,0.0241181985769328,0.000611561008892117,0.999999961014716
2.02587771173502e-06,0.0240715683665986,0.952436303670171,0.0234921279632301,0.0234921279632302,0.000579440403368516,0.999999960987021
2.08275063019052e-06,0.0234304296174843,0.953688125796852,0.022881444585664,0.022881444585664,0.000548985031820247,0.999999960960081
2.14122015481573e-06,0.022805927232292,0.954908255852119,0.0222858169155888,0.0222858169155888,0.000520110316703171,0.999999960933875
2.20133110749303e-06,0.022197653804636,0.956097428224954,0.0217049179704101,0.0217049179704101,0.000492735834225891,0.999999960908384
2.26312956839953e-06,0.021605210533058,0.957256364055873,0.0211384254110692,0.0211384254110692,0.000466785121988764,0.999999960883589
2.32666291133146e-06,0.021028207121149,0.958385771252257,0.0205860216265937,0.0205860216265937,0.000442185494555361,0.999999960859469
2.39197984002024e-06,0.0204662616732027,0.959486344520309,0.020047393806488,0.020047393806488,0.000418867866714755,0.999999960836008
2.45913042546804e-06,0.0199190005859002,0.960558765412392,0.0195222340017081,0.019522234001708,0.000396766584192167,0.999999960813186
2.5281661443315e-06,0.0193860584364929,0.96160370238858,0.0190102391749273,0.0190102391749273,0.000375819261565585,0.999999960790987
2.59913991838293e-06,0.018867077867919,0.962621810891309,0.0185111112407719,0.0185111112407719,0.000355966627147122,0.999999960769394
2.67210615507944e-06,0.0183617094712609,0.963613733432068,0.0180245570966712,0.0180245570966712,0.000337152374589732,0.99999996074839
2.74712078927081e-06,0.0178696116659212,0.96458009968914,0.0175502886449386,0.0175502886449386,0.000319323020982562,0.999999960727959
2.82424132607844e-06,0.0173904505778708,0.96552152661546,0.0170880228066694,0.0170880228066694,0.000302427771201417,0.999999960708085
2.90352688497781e-06,0.0169238999162977,0.966438618555689,0.0166374815280131,0.0166374815280131,0.000286418388284597,0.999999960688754
2.98503824511873e-06,0.0164696408489607,0.967331967371687,0.0161983917793521,0.0161983917793521,0.000271249069608587,0.99999996066995
3.06883789191764e-06,0.0160273618765306,0.968202152575582,0.0157704855478879,0.0157704855478879,0.000256876328642654,0.999999960651659
3.15499006495809e-06,0.0155967587061826,0.969049741469701,0.0153534998241163,0.0153534998241163,0.000243258882066329,0.999999960633868
3.24356080723581e-06,0.0151775341246828,0.969875289292673,0.0149471765826438,0.0149471765826438,0.000230357542038948,0.999999960616562
3.33461801578637e-06,0.0147693978711908,0.970679339371034,0.0145512627577751,0.0145512627577751,0.00021813511341574,0.999999960599728
3.42823149373397e-06,0.0143720665099907,0.971462423275729,0.0141655102142801,0.0141655102142801,0.000206556295710571,0.999999960583354
3.52447300380159e-06,0.0139852633033369,0.972225060982937,0.0137896757137259,0.0137896757137259,0.000195587589611041,0.999999960567427
3.62341632332315e-06,0.0136087180845944,0.972967761038669,0.013423520876737,0.013423520876737,0.00018519720785741,0.999999960551934
3.72513730080021e-06,0.0132421671318332,0.973691020726636,0.0130668121415306,0.0130668121415306,0.0001753549903026,0.999999960536864
3.82971391404628e-06,0.012885353042027,0.974395326238922,0.0127193207190507,0.0127193207190507,0.000166032322976337,0.999999960522206
3.93722632996347e-06,0.0125380246059907,0.975081152849001,0.0123808225450084,0.0123808225450084,0.000157202060982288,0.999999960507948
4.04775696599732e-06,0.0121999366841814,0.9757489650867,0.0120510982291185,0.0120510982291186,0.000148838455062846,0.999999960494079
4.16139055331671e-06,0.0118708500834762,0.97639921691472,0.0117299330018043,0.0117299330018043,0.000140917081671902,0.999999960480589
4.27821420176762e-06,0.011550531435029,0.977032351906344,0.0114171166586273,0.0114171166586273,0.000133414776401641,0.999999960467467
4.39831746665023e-06,0.0112387530732996,0.977648803424016,0.0111124435026846,0.0111124435026846,0.000126309570614969,0.999999960454703
4.5217924173707e-06,0.0109352929163392,0.978248994798462,0.0108157122851986,0.0108157122851986,0.000119580631140646,0.999999960442287
4.64873370802026e-06,0.0106399343474076,0.978833339508078,0.010526726144514,0.0105267261445139,0.000113208202893625,0.999999960430211
4.7792386499356e-06,0.0103524660979892,0.97940224135831,0.0102452925437009,0.010245292543701,0.000107173554288319,0.999999960418464
