1e-09,0.497182277734856,0.252825661828648,0.499984120872993,0.247190217298359,0.999999999415038
1.02807322383086e-09,0.497103025885256,0.25290536657864,0.499983215072207,0.247111418349152,0.99999999939869
1.05693455355799e-09,0.497021540770465,0.25298733045393,0.499982257551209,0.24703041199486,0.999999999381887
1.0866061138546e-09,0.496937759224399,0.253071618099325,0.499981245352553,0.246947136548122,0.999999999364617
1.11711065050482e-09,0.496851616281548,0.253158296043793,0.499980175349318,0.246861528606889,0.999999999346866
1.14847154784029e-09,0.496763045125037,0.253247432757279,0.499979044235369,0.246773523007352,0.999999999328622
1.18071284666619e-09,0.496671977033139,0.253339098709337,0.499977848515048,0.246683052775615,0.999999999309872
1.21385926269063e-09,0.496578341324223,0.253433366429638,0.499976584492278,0.246590049078084,0.9999999992906
1.24793620547131e-09,0.496482065300054,0.25353031057043,0.49997524825903,0.246494441170539,0.999999999270793
1.28296979789415e-09,0.496383074187433,0.253630007971001,0.499973835683131,0.246396156345867,0.999999999250437
1.31898689619867e-09,0.496281291078087,0.253732537724233,0.499972342395359,0.246295119880408,0.999999999229515
1.35601511056563e-09,0.496176636866789,0.253837981245312,0.499970763775797,0.246191254978891,0.999999999208013
1.39408282628258e-09,0.496069030187629,0.253946422342673,0.499969094939394,0.246084482717932,0.999999999185915
1.43321922550358e-09,0.495958387348396,0.254057947291256,0.499967330720696,0.245974721988048,0.999999999163204
1.47345430961984e-09,0.495844622262999,0.25417264490816,0.499965465657683,0.245861889434157,0.999999999139863
1.51481892225835e-09,0.495727646381876,0.254290606630784,0.49996349397468,0.245745899394536,0.999999999115877
1.55734477292614e-09,0.495607368620331,0.254411926597535,0.499961409564269,0.245626663838196,0.999999999091226
1.60106446131832e-09,0.495483695284717,0.254536701731204,0.499959205968157,0.245504092300638,0.999999999065892
1.64601150230855e-09,0.495356529996426,0.254665031825106,0.499956876356935,0.245378091817958,0.999999999039858
1.69222035164104e-09,0.495225773613591,0.25479701963208,0.499954413508657,0.245248566859263,0.999999999013103
1.7397264323438e-09,0.49509132415045,0.25493277095646,0.499951809786179,0.24511541925736,0.999999998985609
1.78856616188346e-09,0.494953076694284,0.255072394749122,0.499949057113188,0.24497854813769,0.999999998957355
1.83877698008233e-09,0.494810923319866,0.255216003205724,0.499946146948821,0.244837849845455,0.999999998928321
1.89039737781922e-09,0.494664753001335,0.255363711868251,0.499943070260828,0.244693217870921,0.999999998898485
1.94346692653602e-09,0.49451445152142,0.25551563973,0.499939817497161,0.244544542772839,0.999999998867826
1.99802630857255e-09,0.494359901377929,0.255671909344114,0.499936378555915,0.244391712099971,0.999999998836321
2.05411734835306e-09,0.494200981687419,0.255832646935821,0.499932742753519,0.244234610310659,0.999999998803947
2.11178304444824e-09,0.494037568085964,0.2559979825185,0.499928898791074,0.244073118690427,0.999999998770682
2.17106760253726e-09,0.493869532626917,0.25616805001372,0.499924834718725,0.243907115267554,0.999999998736501
2.23201646929523e-09,0.493696743675595,0.25634298737542,0.499920537897968,0.243736474726611,0.999999998701379
2.29467636723194e-09,0.49351906580077,0.256522936718358,0.499915994961744,0.243561068319898,0.999999998665291
2.35909533050864e-09,0.493336359662875,0.256708044451018,0.499911191772213,0.243380763776769,0.999999998628212
2.42532274176036e-09,0.493148481898837,0.256898461413132,0.499906113376063,0.243195425210805,0.999999998590113
2.49340936995188e-09,0.492955285003404,0.257094343017994,0.499900743957204,0.243004913024802,0.999999998550968
2.56340740929651e-09,0.492756617206886,0.257295849399763,0.499895066786702,0.242809083813535,0.99999999851075
2.63537051926739e-09,0.492552322349184,0.257503145565924,0.499889064169782,0.242607790264293,0.999999998469429
2.70935386573205e-09,0.492342239749997,0.257716401555135,0.499882717389735,0.24240088105513,0.999999998426976
2.78541416324176e-09,0.492126204075088,0.257935792600644,0.499876006648537,0.242188200750819,0.99999999838336
2.86360971850811e-09,0.491904045198492,0.25816149929951,0.499868911003996,0.241969589696494,0.999999998338552
2.94400047510004e-09,0.491675588060546,0.258393707787847,0.499861408303214,0.241744883908939,0.999999998292518
3.0266480593957e-09,0.491440652521597,0.258632609922328,0.49985347511215,0.241513914965522,0.999999998245227
3.11161582782436e-09,0.491199053211282,0.25887840346819,0.499845086641056,0.241276509890754,0.999999998196645
3.19896891543454e-09,0.490950599373226,0.259131292294011,0.499836216665527,0.241032491040462,0.999999998146739
3.28877428582551e-09,0.490695094705033,0.259391486573499,0.499826837442935,0.240781675983566,0.999999998095473
3.38110078248068e-09,0.490432337193426,0.259659202994603,0.499816919623941,0.240523877381456,0.999999998042812
3.47601918154197e-09,0.490162118944391,0.259934664976201,0.499806432158815,0.240258902864984,0.999999997988718
3.57360224606578e-09,0.489884226008182,0.260218102892693,0.49979534219825,0.239986554909058,0.999999997933155
3.67392478180208e-09,0.489598438199036,0.260509754306793,0.499783614988341,0.239706630704866,0.999999997876083
3.77706369453937e-09,0.489304528909443,0.26080986421086,0.499771213759395,0.239418922029745,0.999999997817464
3.88309804905961e-09,0.489002264918818,0.261118685277091,0.499758099608182,0.239123215114727,0.999999997757258
3.99210912974805e-09,0.48869140619642,0.261436478116944,0.499744231373273,0.238819290509783,0.999999997695422
4.10418050290471e-09,0.488371705698347,0.261763511550141,0.499729565503025,0.238506922946834,0.999999997631915
4.21939808080502e-09,0.488042909158456,0.262100062883649,0.49971405591579,0.238185881200561,0.999999997566694
4.33785018755898e-09,0.487704754873035,0.262446418201017,0.499697653851895,0.237855927947088,0.999999997499714
4.45962762681909e-09,0.487356973479063,0.262802872662493,0.499680307716888,0.237516819620619,0.999999997430931
4.58482375138911e-09,0.486999287725889,0.263169730816338,0.499661962915546,0.237168306268117,0.999999997360298
4.71353453478692e-09,0.486631412240164,0.263547306921787,0.499642561676098,0.236810131402115,0.999999997287768
4.8458586448165e-09,0.486253053283851,0.26393592528411,0.499622042864077,0.236442031851813,0.999999997213292
4.98189751920517e-09,0.485863908505151,0.264335920602252,0.499600341785194,0.236063737612554,0.999999997136822
5.12175544336424e-09,0.48546366668217,0.264747638329538,0.499577389976583,0.235674971693879,0.999999997058306
5.26553963033276e-09,0.485052007459167,0.265171435047967,0.499553114985732,0.235275449966301,0.999999996977694
5.41336030296538e-09,0.484628601075208,0.265607678856605,0.499527440136373,0.234864881007022,0.999999996894932
5.56533077842764e-09,0.484193108085086,0.266056749774631,0.499500284280565,0.234442965944804,0.999999996809968
5.72156755506324e-09,0.483745179072322,0.266519040159601,0.499471561536155,0.234009398304244,0.999999996722745
5.88219040169997e-09,0.483284454354121,0.2669949551415,0.499441181008758,0.233563863849742,0.999999996633209
6.04732244946265e-09,0.482810563678135,0.267484913073187,0.499409046497358,0.233106040429456,0.999999996541301
6.21709028616383e-09,0.482323125910881,0.267989345997843,0.499375056182552,0.232635597819605,0.999999996446965
6.39162405334401e-09,0.481821748717719,0.268508700134056,0.499339102296449,0.232152197569495,0.99999999635014
6.57105754603627e-09,0.481306028234256,0.269043436379178,0.499301070773132,0.23165549284769,0.999999996250765
6.75552831533164e-09,0.480775548729084,0.269594030831632,0.499260840878569,0.231145128289799,0.99999999614878
6.94517777382369e-09,0.480229882257786,0.270160975332826,0.499218284818776,0.230620739848398,0.99999999604412
7.14015130401339e-09,0.479668588308134,0.270744778029377,0.499173267324978,0.230081954645645,0.999999995936723
7.3405983697572e-09,0.479091213436451,0.271345963956325,0.499125645214447,0.229528390829228,0.999999995826523
7.5466726308439e-09,0.47849729089513,0.27196507564206,0.499075266925621,0.228959657432319,0.999999995713454
7.75853206078784e-09,0.477886340251324,0.272602673735657,0.499021972026037,0.228375354238306,0.999999995597447
7.97633906792928e-09,0.477257866996876,0.273259337657355,0.498965590691539,0.227775071651106,0.999999995478435
8.20026061993413e-09,0.476611362149565,0.273935666272869,0.498905943155133,0.227158390571998,0.999999995356349
8.43046837178897e-09,0.475946301845831,0.274632278592272,0.498842839123795,0.226524882283934,0.999999995231116
8.66713879738922e-09,0.47526214692516,0.27534981449412,0.498776077161439,0.225874108344441,0.999999995102666
8.9104533248215e-09,0.474558342506374,0.276088935475537,0.498705444036178,0.225205620488285,0.999999994970925
9.16059847544369e-09,0.473834317556149,0.276850325428896,0.498630714029911,0.224518960541193,0.99999999483582
9.41776600686954e-09,0.47308948445015,0.27763469144575,0.498551648208199,0.223813660346051,0.999999994697276
9.6821530599671e-09,0.472323238527246,0.278442764648613,0.498467993648282,0.223089241703105,0.999999994555217
9.95396230998424e-09,0.471534957637366,0.279275301051126,0.498379482623015,0.222345216325859,0.999999994409566
1.02334021219164e-08,0.470724001683669,0.280133082447132,0.498285831738398,0.22158108581447,0.999999994260246
1.05206867102362e-08,0.469889712159798,0.281016917329054,0.498186741022295,0.220796341648651,0.999999994107178
1.08160363031071e-08,0.46903141168314,0.281927641835936,0.498081892961847,0.219990465202217,0.999999993950283
1.1119677311207e-08,0.468148403525119,0.282866120731377,0.497970951487006,0.219162927781616,0.999999993789482
1.14318425012915e-08,0.467239971139765,0.283833248411476,0.497853560897518,0.218313190691006,0.999999993624693
1.17527711746295e-08,0.46630537769192,0.284829949942762,0.497729344730636,0.217440705326602,0.999999993455837
1.20827093504478e-08,0.465343865586682,0.285857182129933,0.497597904566771,0.216544913303296,0.999999993282833
1.24219099545262e-08,0.464354656001891,0.286915934613001,0.497458818770216,0.215625246616783,0.999999993105597
1.27706330130864e-08,0.4633369484257,0.288007230993264,0.497311641162073,0.214681127844663,0.999999992924049
1.31291458521247e-08,0.462289920201553,0.289132129987221,0.497155899622452,0.213711970390327,0.999999992738106
1.34977233023394e-08,0.461212726083179,0.290291726607305,0.496991094619031,0.212717178773664,0.999999992547687
1.38766479098131e-08,0.460104497802558,0.291487153367906,0.496816697659071,0.211696148973023,0.999999992352709
1.42662101526074e-08,0.458964343654147,0.292719581514837,0.496632149662033,0.210648268823131,0.999999992153092
1.46667086634397e-08,0.457791348099091,0.2939902222759,0.496436859250017,0.209572918474083,0.999999991948754
1.50784504586105e-08,0.456584571393562,0.295300328129752,0.496230200953372,0.208469470916876,0.999999991739615
1.55017511733577e-08,0.455343049245851,0.296651194089661,0.496011513328975,0.207337292581364,0.999999991525595
1.59369353038178e-08,0.45406579250739,0.298044158998148,0.495780096988924,0.206175744012928,0.999999991306616
1.63843364557798e-08,0.452751786903445,0.299480606827739,0.495535212537632,0.204984180634629,0.9999999910826
1.68442976004231e-08,0.451399992809878,0.300961967982268,0.495276078415709,0.203761953602023,0.999999990853473
1.73171713372335e-08,0.450009345083052,0.302489720592236,0.495001868649422,0.202508410758342,0.999999990619159
1.78033201643011e-08,0.44857875295075,0.304065391796715,0.49471171050507,0.201222897698215,0.999999990379587
1.83031167562061e-08,0.447107099972759,0.305690559003106,0.49440468204827,0.199904758948624,0.999999990134687
1.88169442497056e-08,0.44559324408074,0.30736685111481,0.494079809608901,0.19855333927629,0.999999989884393
1.93451965374404e-08,0.444036017707906,0.309095949715408,0.493736065153371,0.197167985131221,0.999999989628639
1.98882785698881e-08,0.44243422802016,0.31087959019635,0.493372363566979,0.195748046236671,0.999999989367365
2.04466066657912e-08,0.440786657261425,0.3127195628134,0.492987559850349,0.19429287733625,0.999999989100515
2.10206088313016e-08,0.439092063227166,0.314617713655107,0.492580446235454,0.192801840109439,0.999999988828034
2.16107250880838e-08,0.437349179881391,0.316575945504424,0.49214974922837,0.191274305267205,0.999999988549875
2.22174078106288e-08,0.43555671813382,0.318596218572211,0.491694126587938,0.189709654839851,0.999999988265995
2.28411220730383e-08,0.4337133667954,0.320680551078754,0.491212164251692,0.188107284669554,0.999999987976354
2.34823460055428e-08,0.431817793731893,0.322831019656597,0.49070237322302,0.186466607120383,0.99999998768092
2.41415711610302e-08,0.429868647236929,0.325049759544852,0.490163186436438,0.18478705401871,0.999999987379669
2.48193028918626e-08,0.427864557647582,0.327338964541853,0.48959295562113,0.183068079837017,0.999999987072581
2.55160607372719e-08,0.425804139227329,0.329700886679335,0.48898994818667,0.181309165133994,0.999999986759645
2.62323788216312e-08,0.423685992343017,0.332137835577495,0.488352344158976,0.179509820263529,0.999999986440859
2.69688062639069e-08,0.421508705964264,0.334652177436125,0.487678233199223,0.177669589364652,0.999999986116228
2.77259075986048e-08,0.419270860515539,0.337246333612663,0.486965611743598,0.17578805464374,0.999999985785768
2.85042632085343e-08,0.416971031112858,0.339922778733396,0.486212380307492,0.173864840959112,0.999999985449505
2.93044697697214e-08,0.414607791218687,0.342684038279332,0.485416341003963,0.171899620716705,0.999999985107475
3.01271407088116e-08,0.412179716750079,0.345532685583346,0.48457519533315,0.169892119083504,0.999999984759728
3.09729066733141e-08,0.409685390676344,0.348471338170322,0.483686542306667,0.167842119523011,0.999999984406323
3.18424160150466e-08,0.407123408143417,0.351502653367108,0.48274787697895,0.165749469653942,0.999999984047335
3.27363352871525e-08,0.404492382162629,0.35462932310442,0.481756589465903,0.163614087429677,0.999999983682851
3.36553497550709e-08,0.401790949901539,0.357854067828435,0.480709964540053,0.161435967631512,0.999999983312976
3.46001639218511e-08,0.399017779613792,0.361179629435928,0.479605181900561,0.159215188663511,0.999999982937826
3.55715020682138e-08,0.396171578243463,0.364608763143651,0.478439317225771,0.156951919630578,0.999999982557537
3.65701088077749e-08,0.393251099736848,0.368144228200489,0.477209344125326,0.154646427674185,0.999999982172261
3.75967496578547e-08,0.390255154090995,0.371788777350041,0.475912137117929,0.15229908553203,0.999999981782166
3.86522116263126e-08,0.387182617163212,0.375545144952091,0.474544475769393,0.149910379278516,0.999999981387443
3.97373038148561e-08,0.384032441259145,0.379416033674266,0.473103050133179,0.147480916192555,0.999999980988297
4.08528580392857e-08,0.380803666508508,0.383404099670559,0.471584467641866,0.145011432687575,0.999999980584957
4.19997294671531e-08,0.377495433027035,0.387511936171825,0.469985261602281,0.142502802225894,0.999999980177671
4.31787972733202e-08,0.374106993850364,0.391742055425246,0.468301901448781,0.139956043125973,0.999999979766708
4.43909653139217e-08,0.370637728610253,0.396096868935885,0.466530804907723,0.137372326156392,0.999999979352358
4.56371628192476e-08,0.367087157905551,0.400578665984116,0.464668352220667,0.134752981795217,0.999999978934932
4.6918345106078e-08,0.363454958299589,0.405189590418646,0.46271090256353,0.132099507017825,0.999999978514765
4.82354943100147e-08,0.359740977852145,0.409931615756423,0.460654812782864,0.129413571460713,0.99999997809221
4.95896201383721e-08,0.355945252067809,0.414806518658316,0.458496458547752,0.126697022793933,0.999999977667646
5.09817606442043e-08,0.352068020113852,0.419815850893307,0.456232257985682,0.123951891121011,0.999999977241469
5.24129830220606e-08,0.348109741129739,0.42496090995404,0.453858697832441,0.121180392213519,0.999999976814098
5.38843844260822e-08,0.344071110417936,0.430242708542607,0.451372362078913,0.11838492937848,0.99999997638597
5.5397092811064e-08,0.339953075272414,0.435661943206883,0.448769963041405,0.115568093751712,0.99999997595754
5.69522677971282e-08,0.335756850168255,0.441218962473363,0.446048374716764,0.112732662809873,0.999999975529282
5.85511015586724e-08,0.33148393100433,0.446913734890927,0.443204668209486,0.109881596899587,0.999999975101685
6.01948197382727e-08,0.327136108062735,0.452745817469101,0.440236148936328,0.107018033594571,0.999999974675249
6.18846823862438e-08,0.3227154773252,0.458714325061677,0.437140395226247,0.104145279712076,0.999999974250488
6.3621984926575e-08,0.31822444977013,0.464817901308843,0.433915297842054,0.101266800849102,0.999999973827924
6.54080591499826e-08,0.313665758266181,0.471054691804716,0.430559099858205,0.0983862083370785,0.999999973408085
6.72442742348425e-08,0.309042461681429,0.477422320198414,0.427070436240312,0.0955072435612733,0.999999972991502
6.91320377967813e-08,0.304357945843159,0.483917867961447,0.423448372390789,0.0926337596477642,0.999999972578704
7.10727969677341e-08,0.29961592101357,0.490537858558244,0.419692440856372,0.0897697005853837,0.99999997217022
7.30680395052951e-08,0.294820415592453,0.497278246736355,0.415802675342385,0.0869190779212605,0.999999971766568
7.51192949332097e-08,0.289975765819468,0.504134413605254,0.411779641150557,0.0840859452441895,0.999999971368257
7.72281357138864e-08,0.285086601325743,0.511101168095863,0.407624461156788,0.0812743707473488,0.999999970975782
7.93961784538228e-08,0.28015782647571,0.518172755286142,0.403338836476297,0.0784884082375613,0.999999970589618
8.16250851428724e-08,0.275194597543058,0.525342871942581,0.398925061028721,0.0757320670286978,0.999999970210219
8.39165644283016e-08,0.270202295876061,0.532604689465955,0.394386029315967,0.0730092812180778,0.999999969838013
8.62723729246145e-08,0.265186497323001,0.539950884247085,0.389725236859828,0.0703238788930874,0.9999999694734
8.8694316560147e-08,0.260152938303057,0.547373675241164,0.384946772911559,0.0676795518472773,0.999999969116749
9.11842519614656e-08,0.255107479016286,0.554864868365575,0.380055305236277,0.0650798263981475,0.999999968768393
9.374408787663e-08,0.250056064382818,0.56241590712522,0.375056056983926,0.0625280358908547,0.99999996842863
9.63757866384109e-08,0.245004683380798,0.570017928680846,0.369954775876712,0.0600272954424416,0.99999996809772
9.90813656685867e-08,0.239959327510564,0.577661824409326,0.364757696160221,0.057580479430453,0.999999967775884
1.01862899024469e-07,0.234925949145552,0.585338303868682,0.359471493971532,0.0551902021597858,0.999999967463302
1.04722518988844e-07,0.229910420536556,0.593037960982225,0.354103236962437,0.0528588020553375,0.999999967160114
1.07662417704549e-07,0.224918494214706,0.600751341200091,0.348660329170407,0.0505883296295027,0.999999966866422
1.10684848854941e-07,0.219955765491086,0.608469008385379,0.343150452247071,0.0483805393675504,0.999999966582284
1.13792129391531e-07,0.21502763767989,0.616181610205708,0.337581504228805,0.0462368855654873,0.999999966307726
1.16986641310131e-07,0.210139290581397,0.623879940886476,0.331961537064253,0.0441585220492706,0.999999966042733
1.20270833476851e-07,0.205295652655742,0.631555000294408,0.326298694099699,0.0421463056058927,0.999999965787256
1.23647223505371e-07,0.200501377203929,0.639198048462085,0.32060114866797,0.0402008028699444,0.999999965541216
1.27118399686903e-07,0.195760822754447,0.646800654827999,0.314877044835107,0.0383223003368934,0.999999965304502
1.30687022974335e-07,0.191078037737575,0.654354741643409,0.309134441238031,0.0365108171185593,0.999999965076977
1.34355829022083e-07,0.186456749419849,0.661852621178361,0.303381258803581,0.0347661200180582,0.999999964858478
1.38127630283201e-07,0.181900356972187,0.669287026536413,0.297625232982801,0.0330877404807861,0.999999964648821
1.42005318165368e-07,0.177411928459819,0.676651136054127,0.291873870972108,0.0314749929737651,0.999999964447805
1.45991865247398e-07,0.172994201472379,0.68393859141143,0.286134414232382,0.0299269943561886,0.999999964255211
1.50090327557974e-07,0.168649587059171,0.691143509708646,0.280413806464365,0.0284426838269889,0.999999964070807
1.54303846918356e-07,0.164380176597685,0.698260489872779,0.274718667059073,0.0270208430681483,0.999999963894351
1.58635653350859e-07,0.160187751202059,0.705284613838503,0.269055269918875,0.0256601162426212,0.999999963725591
1.63089067554933e-07,0.156073793270949,0.712211443008624,0.263429527440855,0.0243590295505212,0.99999996356427
1.6766750345277e-07,0.152039499779245,0.719037010535787,0.257846979369937,0.0231160100942766,0.99999996341013
1.72374470806362e-07,0.148085796933272,0.725757809984135,0.252312786165186,0.0219294038506785,0.999999963262905
1.77213577908036e-07,0.144213355832204,0.732370780929029,0.246831726477536,0.0207974925934356,0.999999963122334
1.82188534346517e-07,0.140422608807434,0.738873292037795,0.241408198309542,0.0197185096526635,0.999999962988155
1.87303153850643e-07,0.136713766144448,0.745263122147828,0.236046223415449,0.018690654436723,0.999999962860109
1.9256135721292e-07,0.133086832926703,0.751538439822968,0.230749454500659,0.0177121056763738,0.999999962737941
1.97967175295133e-07,0.129541625776615,0.757697781827789,0.225521184791193,0.0167810333810186,0.999999962621399
2.03524752118358e-07,0.126077789303665,0.763740030914487,0.220364359563696,0.015895609521817,0.999999962510239
2.09238348039698e-07,0.122694812103136,0.769664393270533,0.215281589252663,0.015054017476804,0.999999962404222
2.15112343018217e-07,0.119392042180145,0.775470375928838,0.210275163782035,0.0142544602891269,0.999999962303116
2.21151239972549e-07,0.116168701702181,0.781157764397153,0.205347067801333,0.0134951678015144,0.999999962206697
2.27359668232772e-07,0.113023901008904,0.786726600720753,0.200498996540686,0.0127744027385612,0.999999962114747
2.33742387089181e-07,0.109956651830461,0.792177162152886,0.195732372033307,0.0120904658138077,0.999999962027056
2.40304289440697e-07,0.10696587968502,0.79750994057137,0.191048359487219,0.0114416999414109,0.999999961943422
2.47050405545683e-07,0.104050435442746,0.802725622747379,0.186447883619751,0.0108264936328706,0.999999961863653
2.53985906878073e-07,0.101209106057181,0.807825071543868,0.181931644797902,0.01024328365823,0.999999961787562
2.61116110091746e-07,0.0984406244762639,0.81280930809626,0.177500134854951,0.0096905570487883,0.999999961714972
2.68446481096197e-07,0.0957436787541363,0.817679495006691,0.173153652478344,0.00916685251496405,0.999999961645711
2.75982639246618e-07,0.0931169203918607,0.822436920565128,0.168892318086023,0.00867076134884917,0.999999961579618
2.83730361651621e-07,0.0905589719403359,0.827082983995735,0.164716088127858,0.00820092787640678,0.999999961516537
2.91695587601879e-07,0.0880684339023735,0.831619181714667,0.160624768765919,0.00775604951941403,0.999999961456321
2.99884423123102e-07,0.0856438909732986,0.836047094575691,0.15661802890202,0.00733487652228873,0.999999961398828
3.08303145656828e-07,0.0832839176607632,0.840368376072464,0.152695412533546,0.00693621139399006,0.999999961343924
3.16958208872612e-07,0.0809870833249275,0.844584741460502,0.148856350429141,0.00655890811035695,0.999999961291482
3.25856247615323e-07,0.0787519566799198,0.848697957757769,0.145100171124622,0.00620187111760892,0.99999996124138
3.35004082991314e-07,0.0765771097966958,0.852709834579944,0.14142611124672,0.0058640541733358,0.999999961193504
3.44408727597382e-07,0.0744611216461942,0.856622215764792,0.137833325178027,0.00554445905718068,0.999999961147743
3.54077390896527e-07,0.0724025812201593,0.860436971739278,0.134320894081126,0.00524213417959637,0.999999961103994
3.64017484744614e-07,0.0704000902652335,0.864155992583065,0.130887834303402,0.00495617311353239,0.999999961062158
3.74236629072198e-07,0.0684522656640197,0.867781181742652,0.127533105186657,0.00468571307069102,0.999999961022141
3.84742657725851e-07,0.0665577414948177,0.87131445035144,0.124255616307484,0.00442993334107569,0.999999960983855
3.9554362447347e-07,0.064715170799704,0.874757712112507,0.121054234175579,0.00418805371191468,0.999999960947216
4.06647809178186e-07,0.0629232270885967,0.878112878702495,0.117927788417817,0.00395933287968811,0.999999960912144
4.18063724145576e-07,0.0611806056049541,0.881381855656967,0.114875077476158,0.00374306686687513,0.999999960878563
4.2980012064908e-07,0.059486024376807,0.884566538699553,0.111894873847281,0.00353858745316658,0.999999960846401
4.41865995638594e-07,0.0578382250749733,0.887668810479293,0.108985928891467,0.00334526062923987,0.99999996081559
4.54270598637404e-07,0.0562359736985127,0.890690537682709,0.106146977237556,0.00316248507973457,0.999999960786066
4.67023438832733e-07,0.0546780611058027,0.893633568489191,0.103376740810012,0.00298969070079665,0.999999960757768
4.80134292365345e-07,0.0531633034080295,0.896499730340391,0.100673932503159,0.00282633715645024,0.999999960730637
4.93613209823792e-07,0.0516905422404027,0.899290827996287,0.0980372595266207,0.00267191247709236,0.99999996070462
5.07470523949047e-07,0.0502586449250231,0.902008641852531,0.0954654264448913,0.00252593170257741,0.999999960679663
5.21716857555435e-07,0.0488665045380421,0.904654926495558,0.0929571379328007,0.00238793557164177,0.999999960655716
5.36363131673925e-07,0.0475130398925746,0.907231409473664,0.0905111012675231,0.00225748925881307,0.999999960632734
5.5142057392403e-07,0.0461971954477196,0.909739790263988,0.0881260285765839,0.00213418115942766,0.999999960610672
5.66900727120743e-07,0.0449179411530471,0.91218173941685,0.085800638860205,0.00201762172294456,0.999999960589488
5.82815458123084e-07,0.0436742722369809,0.914558897860418,0.0835336598052014,0.00190744233438019,0.999999960569141
5.99176966931061e-07,0.0424652089466627,0.916872876350055,0.0813238294065649,0.0018032942433802,0.999999960549594
6.15997796038017e-07,0.0412897962461137,0.919125255047973,0.0791698974118257,0.00170484754020082,0.99999996053081
6.33290840045511e-07,0.0401471034788056,0.921317583220054,0.0770706266022813,0.00161179017766493,0.999999960512755
6.51069355548147e-07,0.0390362240001121,0.923451379037775,0.0750247939242266,0.00152382703799878,0.999999960495397
6.69346971295867e-07,0.0379562747845357,0.925528129474258,0.0730311914824133,0.00144067904332908,0.999999960478705
6.88137698641567e-07,0.0369063960120717,0.927549290284377,0.0710886274071018,0.00136208230852083,0.99999996046265
7.07455942281988e-07,0.0358857506375997,0.929516286059769,0.0691959266052618,0.00128778733496877,0.999999960447203
7.27316511300145e-07,0.0348935239467577,0.931430510350388,0.0673519314057078,0.00121755824390382,0.999999960432338
7.47734630517758e-07,0.0339289231013673,0.933293325845013,0.0655555021072401,0.00115117204774719,0.99999996041803
7.68725952166374e-07,0.032991176677122,0.935106064603785,0.0638055174381868,0.00108841795802864,0.999999960404255
7.90306567886135e-07,0.0320795341959412,0.936870028336503,0.0621008749351121,0.0010290967283851,0.999999960390991
8.12493021061405e-07,0.0311932656550974,0.93858648872097,0.060440491247866,0.00097302003116434,0.999999960378215
8.35302319502679e-07,0.0303316610549776,0.94025668775622,0.0588233023776043,0.00092000986617545,0.999999960365906
8.58751948484518e-07,0.029494029927102,0.941881838145952,0.0572482638538921,0.000869898000155994,0.999999960354046
8.82859884149515e-07,0.0286797008638186,0.943463123707916,0.0557143508565308,0.000822525435553258,0.999999960342616
9.07644607288536e-07,0.0278880210509087,0.945001699805438,0.0542205582873057,0.000777741907255866,0.999999960331597
9.33125117507824e-07,0.0271183558041697,0.94649869379761,0.0527659007964397,0.000735405405949838,0.999999960320973
9.59320947793823e-07,0.0263700881108949,0.947955205505025,0.0513494127681595,0.000695381726815179,0.999999960310728
9.86252179486878e-07,0.0256426181770361,0.949372307688251,0.0499701482694249,0.000657544042323661,0.999999960300846
1.01393945767529e-06,0.0249353629807162,0.950751046536509,0.0486271809655497,0.000621772497941341,0.999999960291312
1.04240400702156e-06,0.024247755832657,0.952092442164276,0.0473196040061332,0.000587953829590419,0.999999960282113
1.07166764803286e-06,0.0235792459439881,0.953397489113787,0.0460465298844504,0.000555981001762851,0.999999960273235
1.10175281378839e-06,0.022929298001823,0.954667156861587,0.0448070902731804,0.000525752865232827,0.999999960264665
1.13268256713615e-06,0.0222973917529152,0.955902390327523,0.0436004358391234,0.000497173833353452,0.999999960256392
1.16448061837269e-06,0.0216830215956376,0.957104110384698,0.0424257360393285,0.000470153575973409,0.999999960248403
1.19717134341897e-06,0.0210856961804755,0.958273214369097,0.0412821789008544,0.000444606730048314,0.999999960240687
1.23077980250667e-06,0.020504938019167,0.959410576587734,0.0401689707861977,0.000420452626068164,0.999999960233234
1.26533175938894e-06,0.019940283102586,0.96051704882429,0.0390853361462479,0.000397615029462083,0.999999960226034
1.30085370109057e-06,0.0193912805274167,0.961593460841349,0.0380305172624691,0.000376021896182119,0.999999960219077
1.3373728582125e-06,0.0188574921316382,0.96264062087843,0.0370037739798639,0.000355605141706301,0.999999960212354
1.37491722580642e-06,0.0183384921388091,0.963659316145123,0.0360043834321349,0.00033630042274161,0.999999960205856
1.4135155848354e-06,0.0178338668111075,0.964650313308724,0.0350316397603374,0.000318046930938773,0.999999960199574
1.4531975242369e-06,0.0173432141110702,0.96561435897583,0.0340848538262,0.000300787197970158,0.9999999601935
1.49399346360526e-06,0.0168661433719474,0.966552180167459,0.0331633529211868,0.000284466911353976,0.999999960187627
1.5359346765109e-06,0.0164022749765734,0.967464484787291,0.0322664804722719,0.00026903474043747,0.999999960181947
1.57905331447418e-06,0.0159512400446435,0.968351962082699,0.0313935957453143,0.000254442171986377,0.999999960176453
1.62338243161228e-06,0.0155126801282701,0.969215283098314,0.0305440735468323,0.000240643354853947,0.999999960171138
1.66895600997803e-06,0.0150862469156847,0.970055101121863,0.0297173039249051,0.000227594953232109,0.999999960165996
1.71580898561001e-06,0.0146716019429413,0.97087205212213,0.0289126918698574,0.000215256008012546,0.99999996016102
1.76397727531405e-06,0.0142684163134727,0.971666755178868,0.0281296570153194,0.000203587805813015,0.999999960156205
1.8134978041965e-06,0.0138763704253429,0.972439812904559,0.0273676333401957,0.000192553755245017,0.999999960151544
1.86440853397049e-06,0.0134951537060359,0.973191811857953,0.0266260688720229,0.000182119270024407,0.999999960147033
1.91674849205681e-06,0.0131244643546185,0.973923322949309,0.0259044253921451,0.000172251658545956,0.999999960142665
1.9705578015018e-06,0.0127640090911127,0.974634901837341,0.0252021781430919,0.000162920019566738,0.999999960138436
2.02587771173502e-06,0.0124135029129085,0.97532708931784,0.0245188155385021,0.000154095143657492,0.999999960134341
2.08275063019052e-06,0.0120726688580531,0.976000411703999,0.023853838875896,0.000145749420105153,0.999999960130375
2.14122015481573e-06,0.0117412377752464,0.97665538119847,0.0232067620525671,0.000137856748962877,0.999999960126533
2.20133110749303e-06,0.0114189481003782,0.977292496257207,0.0225771112848289,0.000130392457963677,0.999999960122813
2.26312956839953e-06,0.0111055456394399,0.977912241945147,0.0219644248308259,0.00012333322402695,0.999999960119208
2.32666291133146e-06,0.0108007833576475,0.978515090283809,0.0213682527170874,0.000116656999103779,0.999999960115715
2.39197984002024e-06,0.0105044211746113,0.979101500590897,0.020788156468983,0.000110342940119804,0.999999960112331
2.45913042546804e-06,0.0102162257653948,0.979671919812,0.0202237088452107,0.000104371342789424,0.999999960109052
2.5281661443315e-06,0.00993597036730096,0.980226782844483,0.0196744935764326,9.87235790846398e-05,0.999999960105874
2.59913991838293e-06,0.00966343459223389,0.98076651285369,0.0191401051081518,9.33820381579936e-05,0.999999960102794
2.67210615507944e-06,0.00939840424447942,0.981291521581567,0.018620148347907,8.83300705259195e-05,0.999999960099808
2.74712078927081e-06,0.00914067114375715,0.981802209647819,0.0181142384168485,8.35519353329095e-05,0.999999960096914
2.82424132607844e-06,0.00889003295339513,0.982298966843735,0.0176220004057405,7.90327505248989e-05,0.999999960094107
2.90352688497781e-06,0.00864629301348396,0.982782172418803,0.0171430691354266,7.47584457706403e-05,0.999999960091387
2.98503824511873e-06,0.00840926017886925,0.983252195360241,0.0166770889217804,7.07157179790467e-05,0.999999960088748
3.06883789191764e-06,0.00817874866184392,0.98370939466558,0.0162237133451529,6.68919892674556e-05,0.99999996008619
3.15499006495809e-06,0.00795457787940701,0.984154119608432,0.0157826050243215,6.32753672462662e-05,0.999999960083709
3.24356080723581e-06,0.00773657230495682,0.984586709997577,0.0153534353949323,5.98546074906583e-05,0.999999960081303
3.33461801578637e-06,0.00752456132429006,0.985007496429498,0.014935884492424,5.66190780780483e-05,0.999999960078969
3.42823149373397e-06,0.00731837909578372,0.985416800534511,0.0145296407394115,5.35587260779759e-05,0.999999960076705
3.52447300380159e-06,0.00711786441463622,0.985814935216613,0.0141344007375022,5.06640458851192e-05,0.999999960074508
3.62341632332315e-06,0.00692286058105011,0.986202204887193,0.0137498690635133,4.79260492934497e-05,0.999999960072377
3.72513730080021e-06,0.00673321527224192,0.986578905692733,0.0133757580700511,4.53362372163871e-05,0.99999996007031
3.82971391404628e-06,0.00654878041816532,0.986945325736629,0.0130117876904106,4.28865729600394e-05,0.999999960068304
3.93722632996347e-06,0.00636941208084011,0.987301745295285,0.0126576852477495,4.056945696535e-05,0.999999960066357
4.04775696599732e-06,0.00619497033718056,0.987648437028576,0.0123131852684865,3.83777029372978e-05,0.999999960064469
4.16139055331671e-06,0.00602531916521847,0.987985666184846,0.0119780292998707,3.63045152831122e-05,0.999999960062635
4.27821420176762e-06,0.00586032633362436,0.988313690800542,0.0116519657316673,3.43434677907029e-05,0.999999960060856
4.39831746665023e-06,0.00569986329442499,0.988632761894624,0.0113347496219016,3.24884834742092e-05,0.99999996005913
4.5217924173707e-06,0.00554380507882685,0.988943123657873,0.0110261425266006,3.07338155265437e-05,0.999999960057454
4.64873370802026e-06,0.00539203019605076,0.989245013637213,0.0107259123334723,2.90740293145911e-05,0.999999960055827
4.7792386499356e-06,0.00524442053509123,0.98953866291518,0.0104338330994578,2.75039853623437e-05,0.999999960054247
4.91340728629636e-06,0.00510086126931078,0.989824296284643,0.010149684892093,2.60188232642997e-05,0.999999960052714
5.05134246881677e-06,0.00496124076378898,0.990102132418903,0.00987325363461538,2.46139464812941e-05,0.999999960051225
5.19314993659021e-06,0.00482545048534223,0.990372384037283,0.00960433095474887,2.32850079677945e-05,0.99999996004978
5.33893839714736e-06,0.00469338491513552,0.990635258066314,0.00934271403710046,2.20278965852895e-05,0.999999960048377
5.48881960978968e-06,0.00456494146381098,0.990890955796638,0.00908820547910293,2.08387242595191e-05,0.999999960047014
5.64290847126254e-06,0.00444002038905686,0.991139673035725,0.00884061315043533,1.97138138391915e-05,0.999999960045691
5.80132310383338e-06,0.00431852471554682,0.991381600256526,0.00859975005585503,1.86496876193043e-05,0.999999960044406
5.96418494584246e-06,0.00420036015717753,0.991616922742136,0.00836543420137387,1.76430564905964e-05,0.999999960043159
6.13161884479577e-06,0.00408543504153803,0.991845820726606,0.00813748846371174,1.66908096821579e-05,0.999999960041947
6.30375315307127e-06,0.00397366023654483,0.992068469531975,0.00791574046296096,1.57900050643499e-05,0.99999996004077
6.48071982631197e-06,0.003864949079178,0.992285039701624,0.00770002243839519,1.49378599804085e-05,0.999999960039627
6.66265452458115e-06,0.00375921730625818,0.992495697130063,0.00749017112735737,1.41317425794915e-05,0.999999960038517
6.84969671635745e-06,0.00365638298720222,0.992700603189217,0.00728602764716103,1.33691636217065e-05,0.999999960037439
7.0419897854493e-06,0.00355636645870025,0.992899914851329,0.00708743737994082,1.26477687298412e-05,0.999999960036391
7.23968114091088e-06,0.00345909026125907,0.993093784808547,0.00689424986038799,1.19653310650747e-05,0.999999960035374
7.44292233004376e-06,0.00336447907755409,0.993282361589292,0.00670631866630769,1.13197444002455e-05,0.999999960034385
7.65186915457082e-06,0.00327245967253895,0.993465789671493,0.00652350131193563,1.07090165711293e-05,0.999999960033425
7.86668179007157e-06,0.00318296083526158,0.993644209592762,0.00634565914395238,1.01312632853892e-05,0.999999960032492
8.08752490877046e-06,0.00309591332233468,0.993817758057598,0.00617265724013447,9.5847022674421e-06,0.999999960031586
8.31456780577206e-06,0.00301124980301397,0.993986568041695,0.0060043643105824,9.06764772276754e-06,0.999999960030706
8.54798452884042e-06,0.0029289048058367,0.99415076889343,0.00584065260146635,8.57850510352018e-06,0.99999996002985
8.78795401182133e-06,0.00284881466677474,0.994310486432609,0.00568139780123164,8.1157661589136e-06,0.999999960029019
9.03466021181053e-06,0.00277091747885834,0.994465843046538,0.00552647894920652,7.67800425508121e-06,0.999999960028211
9.2882922501725e-06,0.00269515304322766,0.994616957783494,0.00537577834655621,7.26386994955204e-06,0.999999960027427
9.54904455751808e-06,0.00262146282156945,0.994763946443667,0.00522918146952787,6.87208680551395e-06,0.999999960026664
9.81711702275218e-06,0.00254978988990155,0.994906921667632,0.00508657688493211,6.50144743550001e-06,0.999999960025923
1.00927151463057e-05,0.00248007889366188,0.995045993022434,0.00494785616780776,6.15080975799841e-06,0.999999960025203
1.03760501976691e-05,0.00241227600406807,0.995181267085323,0.00481291382121773,5.81909345920544e-06,0.999999960024503
1.06673393773486e-05,0.00234632887570802,0.99531284752523,0.00468164719812425,5.50527664589483e-06,0.999999960023823
1.09668059833687e-05,0.00228218660532794,0.995440835182025,0.00455395642529351,5.20839268118665e-06,0.999999960023163
1.12746795824495e-05,0.00221979969178083,0.995565328143629,0.00442974432918017,4.92752719074858e-06,0.99999996002252
1.15911961859889e-05,0.00215911999710458,0.995686421821024,0.00430891636374337,4.6618152328929e-06,0.999999960021896
1.19165984309856e-05,0.00210010070869493,0.995804209021232,0.00419138054014677,4.41043862154863e-06,0.99999996002129
1.22511357660412e-05,0.00204269630254332,0.995918780018308,0.00407704735829642,4.17262339510657e-06,0.9999999600207
1.25950646425836e-05,0.00198686250750691,0.996030222622408,0.00396582974017078,3.94763742151381e-06,0.999999960020127
1.2948648711459e-05,0.00193255627058435,0.996138622246966,0.00385764296489857,3.73478813506679e-06,0.99999996001957
1.33121590250431e-05,0.00187973572316452,0.996244061974065,0.00375240460554072,3.5334203941609e-06,0.999999960019029
1.36858742450252e-05,0.00182836014822351,0.996346622618009,0.0036500344675341,3.34291445646534e-06,0.999999960018502
1.40700808560269e-05,0.00177838994844101,0.996446382787181,0.00355045452875507,3.16268406347527e-06,0.999999960017991
1.44650733852165e-05,0.00172978661521009,0.996543418944209,0.00345358888116237,2.99217462890146e-06,0.999999960017494
1.48711546280895e-05,0.00168251269851473,0.996637805464496,0.00335936367397923,2.83086152511698e-06,0.999999960017011
1.52886358805873e-05,0.00163653177765085,0.996729614693161,0.00326770705837605,2.67824846282008e-06,0.999999960016541
1.57178371777316e-05,0.00159180843276628,0.996818917000426,0.00317854913361541,2.53386595856992e-06,0.999999960016084
1.61590875389592e-05,0.00154830821719579,0.996905780835493,0.00309182189462225,2.39726988466877e-06,0.99999996001564
1.66127252203429e-05,0.00150599763056998,0.996990272778959,0.00300745918094289,2.26804009853141e-06,0.999999960015209
1.70790979738943e-05,0.00146484409267445,0.997072457593797,0.00292539662705748,2.14577914570743e-06,0.999999960014789
1.75585633141447e-05,0.00142481591803854,0.997152398274956,0.00284557161401104,2.03011103302054e-06,0.999999960014381
