1e-09,0.497192823752587,0.252815056481262,0.499984239532301,0.247200703986437,0.999999999590024
1.02807322383086e-09,0.49711417228462,0.25289415571222,0.499983344006321,0.247122500281459,0.999999999578587
1.05693455355799e-09,0.497033321727916,0.252975479447159,0.499982397649851,0.247042122902991,0.999999999566834
1.0866061138546e-09,0.496950210861509,0.253059090347249,0.499981397582484,0.246959512070267,0.999999999554755
1.11711065050482e-09,0.49686477677567,0.253145052843826,0.499980340761008,0.246874606395166,0.999999999542341
1.14847154784029e-09,0.496776954826254,0.253233433188624,0.499979223970244,0.246787342841132,0.999999999529583
1.18071284666619e-09,0.49668667858787,0.253324299505449,0.499978043813362,0.246697656681189,0.999999999516473
1.21385926269063e-09,0.496593879805844,0.253417721843321,0.49997679670167,0.246605481455009,0.999999999503
1.24793620547131e-09,0.496498488346951,0.253513772231138,0.499975478843822,0.24651074892504,0.999999999489154
1.28296979789415e-09,0.496400432148893,0.253612524733895,0.499974086234425,0.24641338903168,0.999999999474926
1.31898689619867e-09,0.496299637168485,0.253714055510509,0.499972614642012,0.246313329847479,0.999999999460305
1.35601511056563e-09,0.49619602732853,0.253818442873297,0.499971059596348,0.246210497530356,0.99999999944528
1.39408282628258e-09,0.496089524463348,0.253925767349143,0.499969416375019,0.246104816275839,0.999999999429841
1.43321922550358e-09,0.495980048262938,0.25403611174242,0.499967679989283,0.245996208268297,0.999999999413976
1.47345430961984e-09,0.495867516215736,0.254149561199699,0.49996584516913,0.245884593631171,0.999999999397673
1.51481892225835e-09,0.495751843549941,0.254266203276304,0.499963906347511,0.245769890376186,0.999999999380921
1.55734477292614e-09,0.495632943173391,0.254386128004764,0.49996185764369,0.245652014351546,0.999999999363707
1.60106446131832e-09,0.495510725611942,0.25450942796522,0.499959692845677,0.245530879189103,0.99999999934602
1.64601150230855e-09,0.495385098946332,0.254636198357831,0.499957405391675,0.245406396250495,0.999999999327846
1.69222035164104e-09,0.495255968747501,0.254766537077243,0.499954988350513,0.245278474572245,0.999999999309173
1.7397264323438e-09,0.495123238010328,0.254900544789181,0.499952434400982,0.245147020809837,0.999999999289986
1.78856616188346e-09,0.494986807085767,0.255038325009214,0.499949735810039,0.245011939180747,0.999999999270273
1.83877698008233e-09,0.494846573611342,0.255179984183761,0.499946884409795,0.244873131406445,0.999999999250019
1.89039737781922e-09,0.494702432439982,0.255325631773399,0.499943871573239,0.244730496653362,0.999999999229208
1.94346692653602e-09,0.494554275567157,0.255475380338531,0.499940688188624,0.244583931472845,0.999999999207828
1.99802630857255e-09,0.494401992056294,0.255629345627489,0.499937324632434,0.244433329740077,0.999999999185862
2.05411734835306e-09,0.494245467962438,0.255787646667128,0.499933770740869,0.244278582592003,0.999999999163295
2.11178304444824e-09,0.494084586254136,0.255950405855985,0.499930015779757,0.244119578364257,0.99999999914011
2.17106760253726e-09,0.493919226733517,0.256117749060074,0.499926048412819,0.243956202527107,0.999999999116292
2.23201646929523e-09,0.493749265954528,0.256289805711379,0.499921856668184,0.243788337620436,0.999999999091824
2.29467636723194e-09,0.493574577139326,0.256466708909134,0.499917427903079,0.243615863187787,0.999999999066688
2.35909533050864e-09,0.493395030092769,0.256648595523942,0.499912748766578,0.24343865570948,0.999999999040866
2.42532274176036e-09,0.493210491115009,0.256835606304832,0.499907805160317,0.243256588534851,0.999999999014341
2.49340936995188e-09,0.493020822912153,0.257027885989311,0.499902582197072,0.243069531813617,0.999999998987094
2.56340740929651e-09,0.492825884504966,0.257225583416502,0.499897064157065,0.242877352426433,0.999999998959106
2.63537051926739e-09,0.492625531135602,0.257428851643443,0.499891234441909,0.242679913914648,0.999999998930358
2.70935386573205e-09,0.492419614172352,0.257637848064632,0.499885075526032,0.242477076409336,0.999999998900829
2.78541416324176e-09,0.49220798101237,0.257852734534887,0.499878568905486,0.242268696559627,0.9999999988705
2.86360971850811e-09,0.491990474982389,0.258073677495629,0.499871695043964,0.242054627460407,0.999999998839349
2.94400047510004e-09,0.491766935237395,0.258300848104649,0.499864433315914,0.241834718579438,0.999999998807355
3.0266480593957e-09,0.49153719665726,0.258534422369454,0.499856761946571,0.241608815683975,0.999999998774496
3.11161582782436e-09,0.491301089741326,0.258774581284288,0.499848657948771,0.241376760766941,0.99999999874075
3.19896891543454e-09,0.491058440500928,0.259021510970893,0.499840097056358,0.241138391972749,0.999999998706093
3.28877428582551e-09,0.490809070349866,0.259275402823124,0.499831053654022,0.240893543522855,0.999999998670503
3.38110078248068e-09,0.490552795992823,0.259536453655485,0.499821500703383,0.240642045641132,0.999999998633954
3.47601918154197e-09,0.490289429311744,0.259804865855692,0.499811409665127,0.24038372447918,0.999999998596424
3.57360224606578e-09,0.490018777250167,0.260080847541338,0.499800750416989,0.240118402041673,0.999999998557886
3.67392478180208e-09,0.489740641695554,0.260364612720757,0.499789491167378,0.239845896111865,0.999999998518315
3.77706369453937e-09,0.489454819359612,0.260656381458175,0.499777598364425,0.2395660201774,0.999999998477684
3.88309804905961e-09,0.489161101656656,0.260956380043237,0.499765036600215,0.239278583356548,0.999999998435967
3.99210912974805e-09,0.488859274580026,0.261264841164987,0.499751768509975,0.238983390325038,0.999999998393136
4.10418050290471e-09,0.488549118576616,0.261582004090408,0.499737754665951,0.23868024124364,0.999999998349164
4.21939808080502e-09,0.488230408419552,0.261908114847581,0.499722953465734,0.238368931686686,0.99999999830402
4.33785018755898e-09,0.487902913079073,0.262243426413561,0.499707321014733,0.238049252571706,0.999999998257677
4.45962762681909e-09,0.487566395591679,0.262588198907051,0.499690811002541,0.237720990090408,0.999999998210105
4.58482375138911e-09,0.487220612927626,0.26294269978594,0.499673374572869,0.237383925641191,0.999999998161271
4.71353453478692e-09,0.486865315856836,0.263307204049784,0.499654960186759,0.237037835763457,0.999999998111147
4.8458586448165e-09,0.486500248813327,0.263681994447302,0.499635513478743,0.236682492073955,0.999999998059699
4.98189751920517e-09,0.486125149758249,0.264067361688941,0.499614977105619,0.23631766120544,0.999999998006896
5.12175544336424e-09,0.485739750041671,0.264463604664581,0.499593290587495,0.235943104747924,0.999999997952703
5.26553963033276e-09,0.485343774263211,0.26487103066642,0.499570390140737,0.235558579192842,0.999999997897088
5.41336030296538e-09,0.484936940131678,0.265289955617092,0.499546208502459,0.235163835880449,0.999999997840015
5.56533077842764e-09,0.484518958323879,0.265720704303049,0.499520674746145,0.234758620950807,0.999999997781451
5.72156755506324e-09,0.484089532342748,0.266163610613235,0.499493714088034,0.234342675298732,0.999999997721357
5.88219040169997e-09,0.483648358375016,0.266619017783073,0.499465247683823,0.233915734533104,0.9999999976597
6.04732244946265e-09,0.483195125148597,0.267087278643761,0.499435192415285,0.233477528940954,0.99999999759644
6.21709028616383e-09,0.482729513789955,0.267568755876877,0.499403460666336,0.233027783456787,0.999999997531542
6.39162405334401e-09,0.48225119768167,0.268063822274264,0.499369960088132,0.232566217637604,0.999999997464964
6.57105754603627e-09,0.481759842320497,0.268572861003157,0.499334593352692,0.23209254564415,0.99999999739667
6.75552831533164e-09,0.481255105176198,0.269096265876503,0.499297257894598,0.231606476228899,0.999999997326618
6.94517777382369e-09,0.48073663555149,0.269634441628381,0.49925784564026,0.23110771273136,0.99999999725477
7.14015130401339e-09,0.480204074443429,0.270187804194437,0.499216242724267,0.230595953081296,0.999999997181081
7.3405983697572e-09,0.47965705440664,0.270756780997213,0.499172329192294,0.230070889810493,0.999999997105513
7.5466726308439e-09,0.479095199418771,0.271341811236205,0.499125978690049,0.229532210073747,0.999999997028021
7.75853206078784e-09,0.47851812474864,0.271943346182488,0.499077058137745,0.228979595679768,0.999999996948563
7.97633906792928e-09,0.477925436827531,0.272561849477696,0.499025427389544,0.228412723132759,0.999999996867095
8.20026061993413e-09,0.477316733124166,0.273197797437108,0.498970938877452,0.22783126368544,0.999999996783572
8.43046837178897e-09,0.47669160202389,0.273851679356559,0.498913437239101,0.22723488340434,0.99999999669795
8.66713879738922e-09,0.476049622712689,0.274523997822856,0.49885275892891,0.226623243248234,0.999999996610184
8.9104533248215e-09,0.475390365066639,0.27521526902734,0.498788731812043,0.225995999160618,0.999999996520226
9.16059847544369e-09,0.474713389547515,0.275926023082152,0.498721174740667,0.225352802177181,0.999999996428031
9.41776600686954e-09,0.474018247105253,0.276656804338768,0.498649897111959,0.224693298549273,0.99999999633355
9.6821530599671e-09,0.473304479088072,0.277408171708251,0.498574698407355,0.224017129884394,0.999999996236738
9.95396230998424e-09,0.472571617161087,0.278180698982641,0.498495367712544,0.223323933304815,0.999999996137544
1.02334021219164e-08,0.471819183234305,0.278974975156834,0.498411683217723,0.222613341625443,0.999999996035921
1.05206867102362e-08,0.471046689400958,0.27979160475021,0.498323411697664,0.221884983552126,0.99999999593182
1.08160363031071e-08,0.470253637887199,0.280631208127217,0.498230307971168,0.221138483901615,0.99999999582519
1.1119677311207e-08,0.469439521014225,0.281494421816011,0.498132114339528,0.220373463844461,0.999999995715983
1.14318425012915e-08,0.468603821173995,0.282381898824182,0.498028560003647,0.219589541172171,0.999999995604148
1.17527711746295e-08,0.46774601081975,0.283294308950478,0.497919360459545,0.218786330589977,0.999999995489635
1.20827093504478e-08,0.466865552472639,0.284232339091358,0.497804216872007,0.217963444036635,0.999999995372394
1.24219099545262e-08,0.465961898745817,0.285196693541071,0.497682815426224,0.217120491032705,0.999999995252374
1.27706330130864e-08,0.465034492387469,0.286188094283856,0.497554826657351,0.216257079058793,0.999999995129523
1.31291458521247e-08,0.464082766344289,0.287207281276717,0.497419904757988,0.215372813965296,0.999999995003792
1.34977233023394e-08,0.463106143847042,0.288255012721105,0.497277686863706,0.214467300415189,0.999999994875128
1.38766479098131e-08,0.462104038519894,0.289332065321684,0.497127792316844,0.213540142361471,0.999999994743483
1.42662101526074e-08,0.461075854515326,0.290439234530207,0.496969821908934,0.212590943560859,0.999999994608804
1.46667086634397e-08,0.460020986676505,0.291577334772361,0.496803357102267,0.211619308125372,0.999999994471042
1.50784504586105e-08,0.45893882072908,0.292747199655291,0.496627959231258,0.210624841113452,0.999999994330146
1.55017511733577e-08,0.457828733504491,0.293949682153284,0.49644316868445,0.209607149162266,0.999999994186068
1.59369353038178e-08,0.45669009319694,0.295185654768959,0.496248504068203,0.208565841162838,0.999999994038757
1.63843364557798e-08,0.455522259656283,0.29645600966706,0.496043461353315,0.207500528979625,0.999999993888166
1.68442976004231e-08,0.454324584719205,0.297761658777761,0.495827513006068,0.20641082821617,0.999999993734245
1.73171713372335e-08,0.453096412581095,0.299103533866177,0.495600107105456,0.205296359028367,0.999999993576949
1.78033201643011e-08,0.451837080211183,0.30048258656451,0.495360666448614,0.204156746986876,0.999999993416232
1.83031167562061e-08,0.450545917813526,0.301899788363073,0.495108587646801,0.202991623990126,0.999999993252046
1.88169442497056e-08,0.449222249336572,0.303356130556128,0.494843240214601,0.201800629229271,0.99999999308435
1.93451965374404e-08,0.447865393034048,0.304852624138264,0.494563965655377,0.20058341020636,0.999999992913099
1.98882785698881e-08,0.446474662080052,0.306390299646752,0.494270076546392,0.199339623806856,0.999999992738253
2.04466066657912e-08,0.445049365241226,0.307970206945055,0.493960855627438,0.198068937427507,0.999999992559771
2.10206088313016e-08,0.443588807608994,0.309593414942389,0.493635554897235,0.196771030160376,0.999999992377616
2.16107250880838e-08,0.442092291394851,0.311261011243964,0.493293394722371,0.195445594033665,0.99999999219175
2.22174078106288e-08,0.440559116791745,0.312974101726248,0.492933562964015,0.194092335309737,0.999999992002141
2.28411220730383e-08,0.438988582904578,0.314733810031321,0.492555214128203,0.192710975840476,0.999999991808754
2.34823460055428e-08,0.437379988752871,0.316541276974112,0.492157468546033,0.191301254479854,0.999999991611561
2.41415711610302e-08,0.43573263434859,0.318397659856056,0.491739411590708,0.189862928553236,0.999999991410533
2.48193028918626e-08,0.434045821852098,0.32030413167842,0.491300092938965,0.188395775382615,0.999999991205646
2.55160607372719e-08,0.432318856809105,0.32226188024835,0.490838525885089,0.186899593866561,0.999999990996878
2.62323788216312e-08,0.430551049471404,0.324272107170426,0.49035368671634,0.185374206113234,0.99999999078421
2.69688062639069e-08,0.428741716204011,0.326336026716325,0.489844514159328,0.183819459124347,0.999999990567625
2.77259075986048e-08,0.426890180981204,0.328454864565028,0.489309908907536,0.182235226527436,0.999999990347112
2.85042632085343e-08,0.424995776973685,0.330629856405857,0.488748733240914,0.180621410353228,0.999999990122662
2.93044697697214e-08,0.423057848228896,0.332862246396533,0.488159810749142,0.178977942854325,0.999999989894269
3.01271407088116e-08,0.421075751446158,0.335153285468403,0.487541926170878,0.177304788360719,0.999999989661932
3.09729066733141e-08,0.419048857848014,0.337504229470994,0.486893825361984,0.175601945167022,0.999999989425655
3.18424160150466e-08,0.416976555148702,0.339916337148112,0.486214215406372,0.173869447445516,0.999999989185444
3.27363352871525e-08,0.414858249620246,0.342390867937879,0.485501764883749,0.172107367178371,0.999999988941313
3.36553497550709e-08,0.412693368256131,0.344929079589307,0.484755104309124,0.170315816101569,0.999999988693277
3.46001639218511e-08,0.410481361031936,0.347532225588342,0.483972826759443,0.168494947652215,0.999999988441358
3.55715020682138e-08,0.408221703261639,0.350201552386773,0.483153488703177,0.166644958910051,0.999999988185585
3.65701088077749e-08,0.405913898047589,0.352938296427892,0.482295611049039,0.164766092523069,0.999999987925988
3.75967496578547e-08,0.403557478821346,0.355743680963528,0.481397680430253,0.162858638606219,0.999999987662605
3.86522116263126e-08,0.401152011971704,0.35861891265785,0.48045815074089,0.160922936601259,0.999999987395481
3.97373038148561e-08,0.398697099555275,0.361565177974327,0.479475444940797,0.158959377084876,0.999999987124665
4.08528580392857e-08,0.396192382083975,0.36458363934333,0.47844795714539,0.15696840351128,0.999999986850212
4.19997294671531e-08,0.393637541382681,0.36767543110921,0.477374055016216,0.154950513874573,0.999999986572184
4.31787972733202e-08,0.39103230350912,0.370841655257095,0.476252082467569,0.152906262275336,0.999999986290649
4.43909653139217e-08,0.388376441726836,0.374083376921383,0.475080362703562,0.150836260375055,0.999999986005683
4.56371628192476e-08,0.385669779520778,0.377401619679733,0.473857201598977,0.14874117872129,0.999999985717365
4.6918345106078e-08,0.38291219364368,0.380797360638428,0.472580891435784,0.146621747925788,0.999999985425785
4.82354943100147e-08,0.380103617179997,0.38427152531725,0.471249715005506,0.144478759677244,0.999999985131037
4.95896201383721e-08,0.377244042612733,0.38782498234448,0.469861950085575,0.142313067569945,0.999999984833221
5.09817606442043e-08,0.374333524877013,0.391458537975264,0.468415874295446,0.14012558772929,0.999999984532447
5.24129830220606e-08,0.371372184382781,0.395172930449485,0.466909770335468,0.137917299215048,0.999999984228829
5.38843844260822e-08,0.368360209987552,0.398968824208225,0.465341931608446,0.135689244183329,0.99999998392249
5.5397092811064e-08,0.365297861898701,0.402846803991144,0.46371066822031,0.133442527788546,0.999999983613558
5.69522677971282e-08,0.36218547448342,0.406807368840337,0.462014313352487,0.131178317807176,0.999999983302169
5.85511015586724e-08,0.359023458963159,0.41085092603965,0.460251229994382,0.128897843965967,0.999999982988463
6.01948197382727e-08,0.355812305968205,0.414977785021889,0.458419818019812,0.126602396958299,0.999999982672591
6.18846823862438e-08,0.352552587927009,0.419188151279784,0.456518521586413,0.124293327133803,0.999999982354707
6.3621984926575e-08,0.349244961264009,0.423482120320032,0.454545836831919,0.121972042848049,0.999999982034971
6.54080591499826e-08,0.345890168379043,0.427859671703024,0.452500319835866,0.11964000846111,0.99999998171355
6.72442742348425e-08,0.342489039381048,0.432320663214061,0.450380594809783,0.117298741976156,0.999999981390616
6.91320377967813e-08,0.33904249354858,0.436864825214759,0.448185362473321,0.11494981231192,0.999999981066346
7.10727969677341e-08,0.335551540489923,0.441491755225975,0.445913408568204,0.112594836205821,0.999999980740924
7.30680395052951e-08,0.332017280976019,0.446200912795815,0.443563612456333,0.110235474747852,0.999999980414536
7.51192949332097e-08,0.328440907420415,0.450991614708047,0.441134955743076,0.107873429548877,0.999999980087373
7.72281357138864e-08,0.324823703981687,0.455863030587431,0.438626530861763,0.105510438550806,0.999999979759629
7.93961784538228e-08,0.321167046265528,0.460814178959087,0.436037549550769,0.103148271490143,0.999999979431503
8.16250851428724e-08,0.317472400605866,0.465843923818839,0.433367351150589,0.100788725030571,0.999999979103195
8.39165644283016e-08,0.31374132290696,0.470950971770612,0.430615410644855,0.098433617584533,0.999999978774908
8.62723729246145e-08,0.30997545703146,0.476133869785171,0.427781346366737,0.0960847838480917,0.999999978446847
8.8694316560147e-08,0.30617653272289,0.481391003631866,0.424864927290488,0.093744069077646,0.999999978119217
9.11842519614656e-08,0.302346363054882,0.48672059703149,0.421866079827256,0.0914133231412546,0.999999977792224
9.374408787663e-08,0.298486841403723,0.492120711573866,0.418784894044822,0.0890943943813119,0.999999977466074
9.63757866384109e-08,0.294599937945332,0.497589247438364,0.415621629232608,0.0867891233290283,0.999999977140972
9.90813656685867e-08,0.290687695682642,0.503123944949218,0.412376718736278,0.0844993363145033,0.999999976817122
1.01862899024469e-07,0.286752226014364,0.508722386990355,0.409050773990563,0.0822268390190825,0.999999976494725
1.04722518988844e-07,0.282795703861281,0.514382002296478,0.405644587684481,0.0799734100190408,0.999999976173982
1.07662417704549e-07,0.278820362371417,0.52010006962857,0.402159136000026,0.0777407943714041,0.999999975855086
1.10684848854941e-07,0.274828487230541,0.525873722832728,0.398595579873462,0.0755306972938094,0.999999975538232
1.13792129391531e-07,0.270822410609473,0.531699956771737,0.394955265237579,0.0733447779906838,0.999999975223605
1.16986641310131e-07,0.266804504784391,0.53757563410886,0.391239722213499,0.0711846436776414,0.99999997491139
1.20270833476851e-07,0.262777175470682,0.543497492913481,0.387450663231673,0.0690518438548459,0.999999974601762
1.23647223505371e-07,0.25874285491489,0.549462155048376,0.383589980073468,0.0669478648781561,0.999999974294894
1.27118399686903e-07,0.254703994792626,0.555466135288918,0.379659739836912,0.0648741248741703,0.999999973990949
1.30687022974335e-07,0.250663058963188,0.561505851115496,0.375662179842631,0.0628319690418728,0.999999973690086
1.34355829022083e-07,0.246622516133675,0.567577633112123,0.371599701508404,0.0608226653794727,0.999999973392455
1.38127630283201e-07,0.242584832486815,0.573677735896703,0.367474863232965,0.0588474008703322,0.999999973098198
1.42005318165368e-07,0.238552464327319,0.579802349502008,0.363290372341346,0.0569072781566456,0.99999997280745
1.45991865247398e-07,0.23452785080141,0.585947611121069,0.359049076155043,0.0550033127238881,0.999999972520338
1.50090327557974e-07,0.23051340674323,0.592109617126632,0.354753952260274,0.0531364306130933,0.999999972236978
1.54303846918356e-07,0.226511515700122,0.598284435271616,0.350408098056524,0.0513074666718601,0.999999971957482
1.58635653350859e-07,0.222524523186324,0.604468116976118,0.346014719675117,0.0495171633487654,0.999999971681948
1.63089067554933e-07,0.218554730211538,0.610656709606594,0.341577120363737,0.0477661700296697,0.999999971410469
1.6766750345277e-07,0.214604387127094,0.616846268654197,0.337098688437419,0.046055042908384,0.999999971143128
1.72374470806362e-07,0.210675687828205,0.623032869722008,0.332582884899574,0.0443842453784181,0.999999970879998
1.77213577908036e-07,0.206770764346168,0.629212620234817,0.328033230838032,0.0427541489271517,0.999999970621144
1.82188534346517e-07,0.202891681859337,0.635381670790188,0.32345329470095,0.0411650345088621,0.999999970366624
1.87303153850643e-07,0.199040434146523,0.641536226075612,0.318846679555731,0.0396170943686577,0.999999970116484
1.9256135721292e-07,0.195218939501084,0.647672555283419,0.314217010430995,0.0381104342855859,0.999999969870765
1.97967175295133e-07,0.191429037118649,0.653787001962734,0.309567921837234,0.0366450762000317,0.999999969629499
2.03524752118358e-07,0.187672483966102,0.659875993255821,0.304903045556152,0.0352209611880261,0.999999969392708
2.09238348039698e-07,0.183950952134336,0.665936048474593,0.300225998782141,0.0338379527432654,0.999999969160409
2.15112343018217e-07,0.180266026672395,0.67196378698167,0.295540372691869,0.0324958403264609,0.999999968932611
2.21151239972549e-07,0.17661920389608,0.677955935348956,0.290849721509928,0.0311943431411165,0.999999968709315
2.27359668232772e-07,0.173011890159851,0.683909333775186,0.286157552129926,0.0299331140948881,0.999999968490517
2.33742387089181e-07,0.169445401077118,0.689820941752074,0.281467314341617,0.028711743906309,0.999999968276204
2.40304289440697e-07,0.165920961170649,0.695687842976484,0.276782391705735,0.0275297653177816,0.99999996806636
2.47050405545683e-07,0.162439703931976,0.701507249513357,0.272106093109336,0.0263866573773079,0.999999967860962
2.53985906878073e-07,0.159002672266268,0.707276505220832,0.2674416450258,0.0252818497533684,0.999999967659982
2.61116110091746e-07,0.155610819297264,0.712993088455088,0.262792184495295,0.0242147270496166,0.999999967463385
2.68446481096197e-07,0.15226500950536,0.718654614077837,0.258160752833606,0.0231846330885574,0.999999967271136
2.75982639246618e-07,0.148966020170998,0.724258834794062,0.253550290069881,0.0221908751360572,0.999999967083191
2.83730361651621e-07,0.145714543094862,0.729803641851616,0.248963630107046,0.0212327280413386,0.999999966899505
2.91695587601879e-07,0.142511186566237,0.735287065137503,0.24440349659252,0.0203094382699764,0.999999966720029
2.99884423123102e-07,0.139356477551001,0.740707272708288,0.239872499481421,0.0194202278102905,0.999999966544711
3.08303145656828e-07,0.13625086407121,0.746062569793951,0.235373132269679,0.0185642979363701,0.999999966373494
3.16958208872612e-07,0.133194717748952,0.751351397315833,0.23090776987043,0.0177408328137368,0.999999966206321
3.25856247615323e-07,0.13018833648814,0.756572329960022,0.226478667103675,0.0169490029363028,0.999999966043132
3.35004082991314e-07,0.127231947269057,0.761724073847702,0.222087957766483,0.0161879683858149,0.999999965883865
3.44408727597382e-07,0.124325709031774,0.766805463843777,0.217737654248899,0.0154568819073243,0.999999965728456
3.54077390896527e-07,0.121469715626045,0.771815460544333,0.213429647659244,0.0147548917964237,0.999999965576839
3.64017484744614e-07,0.11866399880674,0.776753146982506,0.209165708421507,0.014081144595987,0.999999965428948
3.74236629072198e-07,0.115908531255498,0.781617725090971,0.204947487307061,0.0134347876019679,0.999999965284716
3.84742657725851e-07,0.113203229610875,0.786408511957676,0.200776516862898,0.0128149711794259,0.999999965144074
3.9554362447347e-07,0.110547957490854,0.79112493590967,0.19665421319895,0.0122208508913793,0.999999965006953
4.06647809178186e-07,0.107942528493194,0.795766532457937,0.192581878097739,0.0116515894443245,0.999999964873285
4.18063724145576e-07,0.105386709160615,0.800332940134093,0.188560701410585,0.0111063584553223,0.999999964742998
4.2980012064908e-07,0.102880221899362,0.804823896247712,0.184591763705852,0.0105843400464363,0.999999964616025
4.41865995638594e-07,0.100422747841086,0.809239232590872,0.180676039136084,0.0100847282730445,0.999999964492294
4.54270598637404e-07,0.0980139296393698,0.813578871114379,0.176814398492502,0.0096067303931186,0.999999964371738
4.67023438832733e-07,0.0956533741935137,0.817842819597984,0.173007612417004,0.00914956798501179,0.999999964254286
4.80134292365345e-07,0.093340655293399,0.822031167334815,0.169256354743572,0.00871247792161323,0.999999964139871
4.93613209823792e-07,0.0910753161803581,0.826144080848219,0.165561205942846,0.00829471320893496,0.999999964028424
5.07470523949047e-07,0.0888568720200255,0.830181799657253,0.161922656645443,0.00789554369730411,0.999999963919878
5.21716857555435e-07,0.0866848122840763,0.834144632105201,0.158341111221445,0.0075142566733537,0.999999963814166
5.36363131673925e-07,0.0845586030386281,0.838032951263694,0.154816891395356,0.0071501573409502,0.999999963711222
5.5142057392403e-07,0.0824776891378451,0.841847190923384,0.151350239877541,0.00680256919907452,0.999999963610981
5.66900727120743e-07,0.0804414963219932,0.845587841680513,0.147941323994987,0.00647083432449957,0.999999963513378
5.82815458123084e-07,0.0784494332197988,0.849255447127286,0.144590239305831,0.00615431356688353,0.999999963418351
5.99176966931061e-07,0.0765008932555209,0.8528506001526,0.141297013183758,0.0058523866636418,0.999999963325837
6.15997796038017e-07,0.0745952564616198,0.856373939358435,0.13806160835989,0.00556445228167457,0.999999963235775
6.33290840045511e-07,0.07273189119832,0.859826145596073,0.134883926411214,0.00528992799271291,0.999999963148103
6.51069355548147e-07,0.0709101557817205,0.863207938625284,0.131763811185991,0.00502825018872494,0.999999963062764
6.69346971295867e-07,0.0691294000224126,0.86652007389866,0.128701052157855,0.00477887394348489,0.999999962979699
6.88137698641567e-07,0.0673889666768079,0.869763339472449,0.125695387701486,0.00454127282606481,0.999999962898851
7.07455942281988e-07,0.0656881928135966,0.872938553044473,0.12274650828386,0.00431493867166667,0.999999962820164
7.27316511300145e-07,0.0640264110979144,0.876046559119038,0.119854059566095,0.00409938131486683,0.999999962743583
7.47734630517758e-07,0.0624029509959312,0.879088226298148,0.117017645411842,0.00389412829001011,0.999999962669054
7.68725952166374e-07,0.0608171399026688,0.88206444469782,0.114236830799022,0.00369872450315781,0.999999962596526
7.90306567886135e-07,0.0592683041959238,0.884976123487824,0.111511144632505,0.00351273187967145,0.999999962525945
8.12493021061405e-07,0.0577557702192121,0.887824188552782,0.108840082456011,0.0033357289912064,0.999999962457264
8.35302319502679e-07,0.0562788651966735,0.890609580272239,0.106223109062174,0.00316731066558634,0.999999962390431
8.58751948484518e-07,0.0548369180828726,0.893333251417001,0.103659661000252,0.0030070875827465,0.999999962325399
8.82859884149515e-07,0.0534292603504112,0.895996165158836,0.101149148981506,0.00285468585965803,0.999999962262121
9.07644607288536e-07,0.0520552267182445,0.898599293190402,0.0986909601827068,0.00270974662689112,0.99999996220055
9.33125117507824e-07,0.0507141558235379,0.901143613952149,0.0962844604486252,0.00257192559922535,0.999999962140643
9.59320947793823e-07,0.0494053908398531,0.903630110962783,0.0939289963947282,0.00244089264248905,0.999999962082356
9.86252179486878e-07,0.0481282800443864,0.90605977124982,0.0916238974115879,0.00231633133859246,0.999999962025645
1.01393945767529e-06,0.0468821773369093,0.908433583876696,0.0893684775727899,0.00219793855051438,0.999999961970469
1.04240400702156e-06,0.0456664427129894,0.910752538562841,0.0871620374483388,0.00208542398882001,0.999999961916787
1.07166764803286e-06,0.0444804426939829,0.913017624393138,0.0850038658257587,0.00197850978110359,0.99999996186456
1.10175281378839e-06,0.043323550716211,0.915229828613172,0.0828932413412334,0.00187693004559435,0.999999961813749
1.13268256713615e-06,0.0421951474816425,0.917390135506724,0.0808294340232664,0.00178043047000925,0.999999961764315
1.16448061837269e-06,0.0410946212723185,0.919499525351962,0.0788117067514388,0.00168876789659905,0.999999961716224
1.19717134341897e-06,0.0400213682306663,0.921558973452873,0.076839316632922,0.00160170991420533,0.999999961669438
1.23077980250667e-06,0.0389747926077604,0.92356944924251,0.074911516299459,0.00151903445803094,0.999999961623922
1.26533175938894e-06,0.0379543069815003,0.925531915454716,0.073027555127567,0.0014405294177168,0.999999961579643
1.30085370109057e-06,0.0369593324465877,0.927447327361047,0.0711866803847314,0.00136599225422196,0.999999961536567
1.3373728582125e-06,0.0359892987781006,0.929316632069712,0.0693881383043737,0.00129522962591377,0.999999961494662
1.37491722580642e-06,0.0350436445703763,0.931140767883443,0.0676311750923614,0.00122805702419554,0.999999961453897
1.4135155848354e-06,0.0341218173528304,0.932920663713263,0.0659150378678138,0.00116429841892352,0.99999996141424
1.4531975242369e-06,0.0332232736842675,0.934657238545268,0.0642389755409288,0.00110378591380314,0.999999961375663
1.49399346360526e-06,0.0323474792271492,0.936351400957593,0.0626022396305159,0.00104635941189127,0.999999961338135
1.5359346765109e-06,0.0314939088032189,0.938004048684842,0.0610040850238775,0.000991866291280182,0.999999961301628
1.57905331447418e-06,0.030662046431807,0.939616068227379,0.0594437706816285,0.00094016109099275,0.999999961266116
1.62338243161228e-06,0.0298513853520677,0.941188334502938,0.0579205602899884,0.000891105207073521,0.99999996123157
1.66895600997803e-06,0.0290614280303338,0.942721710538158,0.0564337228630168,0.000844566598825452,0.999999961197966
1.71580898561001e-06,0.0282916861537094,0.94421704719769,0.0549825332972019,0.000800419505108493,0.999999961165277
1.76397727531405e-06,0.0275416806109582,0.945675182948671,0.0535662728807406,0.000758544170587912,0.999999961133478
1.8134978041965e-06,0.0268109414616863,0.947096943658423,0.0521842297597812,0.000718826581795645,0.999999961102546
1.86440853397049e-06,0.0260990078947579,0.948483142423329,0.0508356993638271,0.000681158212844354,0.999999961072457
1.91674849205681e-06,0.0254054281768345,0.949834579426952,0.0495199847924277,0.000645435780620672,0.999999961043187
1.9705578015018e-06,0.0247297595918661,0.951152041825529,0.0482363971652102,0.000611561009261012,0.999999961014716
2.02587771173502e-06,0.0240715683723245,0.95243630365906,0.0469842559372309,0.000579440403709039,0.999999960987021
2.08275063019052e-06,0.0234304296229108,0.953688125786313,0.0457628891815528,0.000548985032134436,0.999999960960081
2.14122015481573e-06,0.0228059272374348,0.954908255842124,0.0445716338408833,0.00052011031699313,0.999999960933875
2.20133110749303e-06,0.0221976538095095,0.956097428215474,0.0434098359500322,0.000492735834493399,0.999999960908384
2.26312956839953e-06,0.0216052105376762,0.957256364046883,0.0422768508308812,0.000466785122235594,0.999999960883589
2.32666291133146e-06,0.0210282071255251,0.958385771243733,0.041172043261484,0.000442185494783053,0.999999960859469
2.39197984002024e-06,0.0204662616773492,0.959486344512226,0.0400947876208487,0.000418867866924785,0.999999960836008
2.45913042546804e-06,0.0199190005898289,0.960558765404728,0.0390444680108861,0.00039676658438588,0.999999960813186
2.5281661443315e-06,0.0193860584402152,0.961603702381314,0.0380204783569417,0.000375819261744341,0.999999960790987
2.59913991838293e-06,0.0188670778714456,0.962621810884421,0.0370222224882672,0.000355966627312,0.999999960769394
2.67210615507944e-06,0.0183617094746019,0.963613733425538,0.0360491141997203,0.000337152374741793,0.99999996074839
2.74712078927081e-06,0.0178696116690862,0.96458009968295,0.0351005772959269,0.000319323021122732,0.999999960727959
2.82424132607844e-06,0.0173904505808691,0.965521526609593,0.0341760456190767,0.000302427771330709,0.999999960708085
2.90352688497781e-06,0.0169238999191379,0.966438618550128,0.0332749630614683,0.000286418388403757,0.999999960688754
2.98503824511873e-06,0.0164696408516511,0.967331967366416,0.0323967835638652,0.000271249069718538,0.99999996066995
3.06883789191764e-06,0.016027361879079,0.968202152570586,0.0315409711006699,0.000256876328744042,0.999999960651659
3.15499006495809e-06,0.0155967587085965,0.969049741464967,0.0307069996528734,0.000243258882159821,0.999999960633868
3.24356080723581e-06,0.0151775341269691,0.969875289288187,0.0298943531696879,0.000230357542125137,0.999999960616562
3.33461801578637e-06,0.0147693978733562,0.970679339366783,0.0291025255197221,0.000218135113495187,0.999999960599728
3.42823149373397e-06,0.0143720665120416,0.971462423271701,0.0283310204325155,0.000206556295783825,0.999999960583354
3.52447300380159e-06,0.0139852633052792,0.97222506097912,0.0275793514312014,0.000195587589678477,0.999999960567427
3.62341632332315e-06,0.0136087180864339,0.972967761035052,0.0268470417570284,0.000185197207919666,0.999999960551934
3.72513730080021e-06,0.0132421671335752,0.97369102072321,0.0261336242864305,0.000175354990359942,0.999999960536864
3.82971391404628e-06,0.0128853530436767,0.974395326235676,0.025438641441295,0.000166032323029201,0.999999960522206
3.93722632996347e-06,0.0125380246075529,0.975081152845925,0.0247616450930438,0.000157202061030971,0.999999960507948
4.04775696599732e-06,0.0121999366856607,0.975748965083786,0.024102196461106,0.000148838455107755,0.999999960494079
4.16139055331671e-06,0.0118708500848771,0.976399216911959,0.0234598660063275,0.000140917081713307,0.999999960480589
4.27821420176762e-06,0.0115505314363554,0.977032351903729,0.0228342333198313,0.000133414776439741,0.999999960467467
4.39831746665023e-06,0.0112387530745556,0.977648803421539,0.022224887007811,0.000126309570650102,0.999999960454703
4.5217924173707e-06,0.0109352929175285,0.978248994796116,0.0216314245727109,0.000119580631173007,0.999999960442287
4.64873370802026e-06,0.0106399343485337,0.978833339505856,0.0210534522912203,0.000113208202923501,0.999999960430211
4.7792386499356e-06,0.0103524660990555,0.979402241356205,0.0204905850894792,0.000107173554315873,0.999999960418464
4.91340728629636e-06,0.0100726821332792,0.979956094658785,0.0199424464158723,0.000101458925343103,0.999999960407038
5.05134246881677e-06,0.00980038153407993,0.98049528441004,0.0194086681117604,9.60474781997248e-05,0.999999960395924
5.19314993659021e-06,0.00953536839057059,0.98102018646919,0.0188888902804789,9.09232503311652e-05,0.999999960385113
5.33893839714736e-06,0.00927745168725098,0.981531167735295,0.0183827611549071,8.60711097974386e-05,0.999999960374598
5.48881960978968e-06,0.00902644519479291,0.982028586323258,0.0178899369638985,8.147671284367e-05,0.999999960364369
5.64290847126254e-06,0.00878216736249013,0.982512791738593,0.0174100817978347,7.71264635727846e-05,0.99999996035442
5.80132310383338e-06,0.0085444412124001,0.982984125050823,0.0169428674735545,7.30074756228744e-05,0.999999960344742
5.96418494584246e-06,0.00831309423519831,0.983442919065358,0.0164879733988872,6.91075357547033e-05,0.999999960335329
6.13161884479577e-06,0.00808795828775986,0.983889498493737,0.0160450864370064,6.54150692566795e-05,0.999999960326173
6.30375315307127e-06,0.00786886949248295,0.984324180122117,0.015613900770801,6.19191070824407e-05,0.999999960317267
6.48071982631197e-06,0.00765566813836355,0.984747272977911,0.0151941177674509,5.86092546380756e-05,0.999999960308603
6.66265452458115e-06,0.00744819858382515,0.985159078494488,0.0147854458433745,5.5475662137882e-05,0.999999960300177
6.84969671635745e-06,0.00724630916130929,0.985559890673837,0.0143876003297075,5.25089964555515e-05,0.99999996029198
7.0419897854493e-06,0.00704985208362419,0.985949996247147,0.014000303338457,4.97004143956876e-05,0.999999960284007
7.23968114091088e-06,0.00685868335205114,0.986329674833217,0.0136232836294646,4.70415373188121e-05,0.999999960276252
7.44292233004376e-06,0.00667266266620226,0.986699199094648,0.0132562764782997,4.45244270523958e-05,0.999999960268709
7.65186915457082e-06,0.00649165333562359,0.987058834891779,0.0128990235451956,4.21415630257813e-05,0.999999960261372
7.86668179007157e-06,0.00631552219313331,0.987408841434302,0.0125512727451303,3.98858205681325e-05,0.999999960254235
8.08752490877046e-06,0.0061441395098856,0.987749471430542,0.0122127781191445,3.775045031334e-05,0.999999960247293
8.31456780577206e-06,0.00597737891214646,0.988080971234363,0.0118832997069809,3.57290586560349e-05,0.99999996024054
8.54798452884042e-06,0.00581511729976749,0.988403580989672,0.0115626034211209,3.38155892070525e-05,0.999999960233972
8.78795401182133e-06,0.00565723476634259,0.988717534772514,0.0112504609222877,3.20043051987382e-05,0.999999960227583
9.03466021181053e-06,0.00550361452103118,0.989023060730731,0.0109466494964755,3.02897727934483e-05,0.999999960221369
9.2882922501725e-06,0.0053541428120294,0.98932038122119,0.0106509519335605,2.86668452491728e-05,0.999999960215324
9.54904455751808e-06,0.00520870885167018,0.989609712944559,0.0103631564075418,2.7130647899264e-05,0.999999960209444
9.81711702275218e-06,0.00506720474313377,0.989891267077639,0.0100830563584541,2.56765639067222e-05,0.999999960203725
1.00927151463057e-05,0.00492952540874771,0.990165249403258,0.00981045037598834,2.43002207535384e-05,0.999999960198162
1.03760501976691e-05,0.00479556851985379,0.990431860437719,0.00954514208485392,2.29974774268327e-05,0.999999960192751
1.06673393773486e-05,0.004665234428222,0.990691295555825,0.00928694003190685,2.17644122685722e-05,0.999999960187488
1.09668059833687e-05,0.00453842609898843,0.990943745113478,0.00903565757506793,2.05973114544653e-05,0.999999960182368
1.12746795824495e-05,0.00441504904509329,0.991189394567883,0.00879111277404827,1.94926580691507e-05,0.999999960177388
1.15911961859889e-05,0.00429501126319794,0.991428424595354,0.00855312828289663,1.8447121749629e-05,0.999999960172545
1.19165984309856e-05,0.0041782231710554,0.991661011206755,0.00832153124437901,1.74575488658991e-05,0.999999960167833
1.22511357660412e-05,0.00406459754631129,0.99188732586059,0.00809615318619802,1.65209532122859e-05,0.99999996016325
1.25950646425836e-05,0.00395404946671207,0.99210753557376,0.00787682991905593,1.5634507184099e-05,0.999999960158792
1.2948648711459e-05,0.00384649625169467,0.992321803030024,0.00766340143656281,1.47955334132621e-05,0.999999960154456
1.33121590250431e-05,0.00374185740533495,0.992530286686171,0.007455711816988,1.40014968409473e-05,0.999999960150239
1.36858742450252e-05,0.00364005456062923,0.992733140875945,0.00725360912685154,1.32499972034595e-05,0.999999960146136
1.40700808560269e-05,0.00354101142508616,0.992930515911739,0.00705694532634883,1.25387619117467e-05,0.999999960142146
1.44650733852165e-05,0.00344465372760266,0.993122558184097,0.00686557617660067,1.18656393023218e-05,0.999999960138264
1.48711546280895e-05,0.0033509091666012,0.99330941025904,0.00667936114871812,1.12285922421384e-05,0.999999960134489
1.52886358805873e-05,0.00325970735940353,0.993491210973261,0.00649816333467053,1.06256920682675e-05,0.999999960130816
1.57178371777316e-05,0.00317097979281731,0.993668095527211,0.00632184935994289,1.00551128458604e-05,0.999999960127244
1.61590875389592e-05,0.0030846597749103,0.993840195576106,0.00615028929796777,9.5151259264176e-06,0.99999996012377
1.66127252203429e-05,0.00300068238795027,0.994007639318892,0.00598335658631496,9.00409479279336e-06,0.99999996012039
1.70790979738943e-05,0.00291898444248583,0.994170551585203,0.00582092794462177,8.52047017493949e-06,0.999999960117103
1.75585633141447e-05,0.00283950443254434,0.994329053920333,0.00566288329424488,8.06278542189991e-06,0.999999960113905
1.80514887922111e-05,0.00276218249192535,0.994483264668268,0.00550910567961424,7.62965211822952e-06,0.999999960110795
