1e-09,0.49722927139898,0.252778405556812,0.499984646088417,0.247236948354771,0.999999999207448
1.02807322383086e-09,0.497150886693512,0.252857230772462,0.499983765068052,0.247159004159486,0.999999999185269
1.05693455355799e-09,0.497070267057191,0.252938316297811,0.499982833289996,0.247078850412193,0.999999999162473
1.0866061138546e-09,0.496987347773186,0.2530217283207,0.499981847812229,0.246996423867072,0.999999999139041
1.11711065050482e-09,0.496902062194082,0.25310753504559,0.499980805520657,0.246911659433753,0.999999999114955
1.14847154784029e-09,0.496814341681086,0.253195806759454,0.499979703118922,0.246824490121625,0.999999999090199
1.18071284666619e-09,0.49672411554115,0.253286615900061,0.499978537117578,0.246734846982361,0.999999999064752
1.21385926269063e-09,0.496631310961919,0.253380037126766,0.49997730382263,0.246642659050604,0.999999999038597
1.24793620547131e-09,0.496535852944419,0.253476147393897,0.499975999323367,0.246547853282735,0.999999999011713
1.28296979789415e-09,0.496437664233398,0.253575026026872,0.49997461947946,0.246450354493668,0.999999998984081
1.31898689619867e-09,0.496336665245233,0.25367675480113,0.499973159907275,0.246350085291595,0.999999998955679
1.35601511056563e-09,0.496232773993293,0.25378141802403,0.499971615965354,0.246246966010615,0.999999998926486
1.39408282628258e-09,0.496125906010668,0.253889102619827,0.499969982739009,0.246140914641164,0.999999998896482
1.43321922550358e-09,0.496015974270155,0.253999898217859,0.499968255023972,0.246031846758169,0.999999998865643
1.47345430961984e-09,0.49590288910138,0.254113897244095,0.49996642730905,0.245919675446855,0.999999998833946
1.51481892225835e-09,0.495786558104957,0.254231195016188,0.49996449375771,0.245804311226102,0.999999998801368
1.55734477292614e-09,0.495666886063548,0.254351889842186,0.499962448188533,0.245685661969281,0.999999998767884
1.60106446131832e-09,0.495543774849702,0.254476083123064,0.499960284054469,0.245563632822467,0.999999998733471
1.64601150230855e-09,0.495417123330341,0.254603879459256,0.499957994420807,0.245438126119937,0.999999998698101
1.69222035164104e-09,0.495286827267747,0.25473538676136,0.499955571941787,0.245309041296853,0.999999998661749
1.7397264323438e-09,0.495152779216911,0.254870716365213,0.499953008835754,0.245176274799034,0.999999998624387
1.78856616188346e-09,0.495014868419083,0.255009983151525,0.499950296858783,0.245039719989691,0.99999999858599
1.83877698008233e-09,0.49487298069137,0.255153305670303,0.499947427276655,0.244899267053042,0.999999998546526
1.89039737781922e-09,0.494726998312203,0.255300806270258,0.499944390835079,0.244754802894663,0.999999998505969
1.94346692653602e-09,0.494576799902504,0.255452611233461,0.499941177728069,0.24460621103847,0.999999998464288
1.99802630857255e-09,0.494422260302368,0.25560885091547,0.499937777564323,0.244453371520207,0.999999998421451
2.05411734835306e-09,0.494263250443052,0.255769659891196,0.499934179331503,0.244296160777301,0.999999998377428
2.11178304444824e-09,0.494099637214086,0.255935177106784,0.49993037135826,0.244134451534956,0.999999998332186
2.17106760253726e-09,0.493931283325272,0.256105546037797,0.499926341273861,0.243968112688342,0.999999998285692
2.23201646929523e-09,0.493758047163361,0.256280914854004,0.49992207596527,0.243797009180726,0.999999998237912
2.29467636723194e-09,0.493579782643157,0.256461436591094,0.499917561531498,0.243621001877407,0.99999999818881
2.35909533050864e-09,0.493396339052813,0.25664726932966,0.499912783235055,0.243439947435286,0.999999998138352
2.42532274176036e-09,0.493207560893047,0.256838576381802,0.499907725450301,0.243253698167896,0.9999999980865
2.49340936995188e-09,0.493013287710004,0.257035526485743,0.499902371608505,0.243062101905751,0.999999998033216
2.56340740929651e-09,0.492813353921482,0.257238294008833,0.499896704139369,0.242865001851798,0.999999997978462
2.63537051926739e-09,0.492607588636214,0.257447059159386,0.4998907044088,0.242662236431814,0.999999997922198
2.70935386573205e-09,0.49239581546588,0.257662008207788,0.499884352652664,0.242453639139548,0.999999997864382
2.78541416324176e-09,0.49217785232953,0.257883333717339,0.499877627906263,0.242239038376398,0.999999997804974
2.86360971850811e-09,0.491953511250042,0.258111234785342,0.49987050792923,0.242018257285427,0.99999999774393
2.94400047510004e-09,0.49172259814227,0.25834591729496,0.499862969125539,0.241791113579501,0.999999997681207
3.0266480593957e-09,0.491484912592462,0.258587594178391,0.499854986458295,0.241557419363315,0.999999997616759
3.11161582782436e-09,0.49124024762856,0.258836485691967,0.499846533358946,0.241316980949087,0.999999997550539
3.19896891543454e-09,0.49098838948094,0.259092819703795,0.49983758163053,0.241069598665675,0.999999997482501
3.28877428582551e-09,0.490729117333132,0.259356831994596,0.499828101344543,0.240815066660861,0.999999997412596
3.38110078248068e-09,0.490462203062048,0.259628766572454,0.499818060730996,0.24055317269655,0.999999997340774
3.47601918154197e-09,0.490187410967206,0.25990887600221,0.499807426061168,0.240283697936623,0.999999997266984
3.57360224606578e-09,0.489904497488427,0.260197421750292,0.49979616152256,0.240006416727147,0.999999997191173
3.67392478180208e-09,0.489613210911434,0.260494674545818,0.499784229085496,0.239721096368686,0.999999997113288
3.77706369453937e-09,0.48931329106077,0.260800914758841,0.499771588360778,0.239427496880381,0.999999997033275
3.88309804905961e-09,0.489004468979421,0.261116432796698,0.499758196447763,0.239125370755539,0.999999996951076
3.99210912974805e-09,0.488686466594474,0.261441529519431,0.49974400777219,0.238814462708378,0.999999996866634
4.10418050290471e-09,0.488358996368135,0.261776516675362,0.499728973913007,0.238494509411632,0.999999996779891
4.21939808080502e-09,0.488021760933385,0.262121717357906,0.499713043417417,0.238165239224677,0.999999996690785
4.33785018755898e-09,0.487674452713495,0.262477466484849,0.499696161603311,0.23782637191184,0.999999996599254
4.45962762681909e-09,0.48731675352462,0.262844111301311,0.499678270348137,0.237477618350551,0.999999996505236
4.58482375138911e-09,0.48694833416061,0.26322201190776,0.49965930786326,0.23711868022898,0.999999996408666
4.71353453478692e-09,0.486568853959162,0.263611541814475,0.499639208452725,0.2367492497328,0.999999996309477
4.8458586448165e-09,0.486177960348371,0.264013088523979,0.4996179022553,0.236369009220722,0.999999996207602
4.98189751920517e-09,0.485775288372704,0.26442705414302,0.499595314968553,0.235977630888427,0.99999999610297
5.12175544336424e-09,0.485360460197358,0.26485385602582,0.499571367553645,0.235574776420535,0.999999995995512
5.26553963033276e-09,0.484933084589931,0.265293927450366,0.499545975919407,0.235160096630228,0.999999995885154
5.41336030296538e-09,0.484492756378254,0.265747718329671,0.49951905058415,0.234733231086179,0.999999995771823
5.56533077842764e-09,0.484039055883193,0.266215695960028,0.499490496313558,0.234293807726414,0.999999995655443
5.72156755506324e-09,0.483571548325181,0.266698345808397,0.499460211732843,0.23384144245876,0.999999995535936
5.88219040169997e-09,0.483089783203149,0.267196172341226,0.499428088911248,0.233375738747525,0.999999995413223
6.04732244946265e-09,0.482593293644497,0.267709699897111,0.499394012916783,0.232896287186106,0.999999995287225
6.21709028616383e-09,0.482081595724664,0.268239473605867,0.499357861338938,0.232402665055195,0.999999995157858
6.39162405334401e-09,0.481554187754796,0.268786060356736,0.499319503776937,0.231894435866327,0.999999995025039
6.57105754603627e-09,0.481010549535952,0.269350049818608,0.499278801290879,0.231371148890513,0.999999994888681
6.75552831533164e-09,0.480450141578216,0.269932055515318,0.499235605812932,0.23083233867175,0.999999994748699
6.94517777382369e-09,0.479872404283021,0.27053271595924,0.499189759515479,0.230277524525282,0.999999994605002
7.14015130401339e-09,0.479276757086931,0.271152695846616,0.499141094132905,0.229706210020478,0.999999994457501
7.3405983697572e-09,0.478662597565066,0.271792687318226,0.499089430233416,0.229117882448358,0.999999994306103
7.5466726308439e-09,0.478029300492291,0.27245341128921,0.499034576436997,0.228512012273793,0.999999994150714
7.75853206078784e-09,0.477376216860242,0.273135618852094,0.498976328575328,0.227888052572578,0.999999993991239
7.97633906792928e-09,0.476702672848211,0.273840092757245,0.498914468789088,0.227245438453667,0.999999993827582
8.20026061993413e-09,0.47600796874588,0.274567648975237,0.498848764557765,0.226583586466998,0.999999993659643
8.43046837178897e-09,0.475291377825854,0.275319138345817,0.498778967656659,0.225901893997524,0.999999993487323
8.66713879738922e-09,0.474552145163928,0.276095448318393,0.498704813035358,0.225199738646249,0.999999993310521
8.9104533248215e-09,0.47378948640504,0.276897504789206,0.498626017611508,0.224476477599286,0.999999993129134
9.16059847544369e-09,0.473002586472846,0.277726274040554,0.498542278973201,0.223731446986245,0.999999992943058
9.41776600686954e-09,0.472190598220932,0.278582764787672,0.498453273982792,0.222963961229536,0.999999992752187
9.6821530599671e-09,0.471352641023737,0.279468030339069,0.498358657274388,0.222173312386543,0.999999992556416
9.95396230998424e-09,0.470487799305352,0.280383170876327,0.498258059636642,0.221358769487031,0.999999992355637
1.02334021219164e-08,0.469595121004548,0.281329335859518,0.498151086271867,0.220519577868615,0.999999992149743
1.05206867102362e-08,0.468673615974552,0.282307726564555,0.498037314921785,0.21965495851366,0.999999991938624
1.08160363031071e-08,0.467722254316377,0.283319598758859,0.497916293849527,0.218764107391614,0.99999999172217
1.1119677311207e-08,0.466739964644844,0.284366265521792,0.497787539666729,0.21784619481148,0.999999991500273
1.14318425012915e-08,0.465725632286845,0.285449100216262,0.497650534993785,0.216900364789953,0.999999991272821
1.17527711746295e-08,0.464678097411948,0.286569539617801,0.497504725940502,0.215925734441697,0.999999991039704
1.20827093504478e-08,0.463596153096056,0.287729087207179,0.497349519393531,0.21492139339929,0.999999990800813
1.24219099545262e-08,0.46247854331966,0.288929316632289,0.497184280096102,0.213886403271609,0.999999990556038
1.27706330130864e-08,0.461323960903151,0.290171875344501,0.497008327504695,0.212819797150804,0.99999999030527
1.31291458521247e-08,0.460131045382817,0.291458488413974,0.496820932406417,0.211720579179609,0.999999990048401
1.34977233023394e-08,0.458898380832544,0.292790962527461,0.496621313279988,0.21058772419255,0.999999989785324
1.38766479098131e-08,0.45762449363787,0.294171190170897,0.496408632382466,0.209420177446637,0.999999989515936
1.42662101526074e-08,0.456307850231004,0.295601153997465,0.496181991543063,0.208216854459472,0.999999989240134
1.46667086634397e-08,0.454946854797748,0.297082931379828,0.495940427644848,0.206976640975324,0.999999988957818
1.50784504586105e-08,0.453539846969983,0.298618699142701,0.495682907774632,0.205698393082667,0.999999988668891
1.55017511733577e-08,0.452085099520604,0.300210738468835,0.495408324021122,0.204380937510043,0.99999998837326
1.59369353038178e-08,0.45058081608156,0.301861439967702,0.495115487901475,0.203023072130822,0.999999988070838
1.63843364557798e-08,0.449025128910056,0.303573308891525,0.494803124396839,0.201623566711636,0.999999987761541
1.68442976004231e-08,0.447416096733107,0.305348970477707,0.494469865578372,0.200181163943921,0.99999998744529
1.73171713372335e-08,0.445751702706598,0.307191175390002,0.4941142438068,0.198694580803198,0.999999987122014
1.78033201643011e-08,0.444029852531869,0.309102805222688,0.493734684490886,0.197162510286426,0.999999986791651
1.83031167562061e-08,0.442248372780814,0.311086878022445,0.493329498393483,0.195583623584073,0.999999986454143
1.88169442497056e-08,0.440405009489564,0.313146553771272,0.492896873478328,0.1939565727504,0.999999986109446
1.93451965374404e-08,0.43849742709124,0.31528513976042,0.492434866296679,0.1922799939429,0.999999985757522
1.98882785698881e-08,0.436523207770096,0.317506095769599,0.49194139292061,0.190552511309791,0.999999985398348
2.04466066657912e-08,0.434479851332718,0.319813038947466,0.491414219439633,0.188772741612901,0.999999985031913
2.10206088313016e-08,0.432364775706974,0.322209748268172,0.490850952049707,0.186939299682121,0.999999984658219
2.16107250880838e-08,0.430175318196126,0.324700168414318,0.490249026779113,0.18505080480657,0.999999984277286
2.22174078106288e-08,0.427908737633967,0.327288412908723,0.489605698914621,0.183105888176656,0.999999983889148
2.28411220730383e-08,0.425562217607062,0.329978766285684,0.488918032214507,0.181103201499809,0.999999983493862
2.34823460055428e-08,0.423132870931915,0.332775685056706,0.488182888022757,0.179041426920537,0.999999983091503
2.41415711610302e-08,0.420617745597984,0.335683797185974,0.487396914432084,0.176919288381942,0.999999982682169
2.48193028918626e-08,0.418013832411535,0.338707899747153,0.486556535682624,0.174735564570223,0.999999982265983
2.55160607372719e-08,0.415318074599594,0.341852954385872,0.485657942029067,0.17248910358506,0.999999981843095
2.62323788216312e-08,0.412527379656994,0.345124080161991,0.484697080362031,0.170178839475978,0.999999981413684
2.69688062639069e-08,0.409638633741327,0.348526543293743,0.483669645929859,0.167803810776397,0.999999980977958
2.77259075986048e-08,0.406648718938948,0.3520657432736,0.482571075574904,0.165363181151496,0.99999998053616
2.85042632085343e-08,0.403554533737811,0.355747194775639,0.481396542973101,0.16285626225126,0.999999980088569
2.93044697697214e-08,0.400353017047215,0.359576504729631,0.480140956446309,0.160282538824061,0.999999979635498
3.01271407088116e-08,0.397041176097196,0.36355934390205,0.478798960001508,0.157641696096442,0.999999979177304
3.09729066733141e-08,0.393616118527348,0.367701412304371,0.47736493833656,0.154933649359068,0.999999978714382
3.18424160150466e-08,0.39007508893192,0.372008397750844,0.475833026634473,0.152158575614684,0.999999978247172
3.27363352871525e-08,0.386415510060029,0.376485926919385,0.474197126041172,0.149316947039443,0.999999977776158
3.36553497550709e-08,0.382635028771674,0.381139508339413,0.472450925777825,0.146409565882761,0.999999977301871
3.46001639218511e-08,0.3787315667168,0.385974466849083,0.470587932868235,0.143437600282682,0.999999976824886
3.55715020682138e-08,0.374703375531644,0.390995869241753,0.468601510453206,0.140402620305041,0.999999976345826
3.65701088077749e-08,0.370549096131012,0.396208441067047,0.466484925603882,0.137306633329071,0.99999997586536
3.75967496578547e-08,0.366267821416473,0.401616474873085,0.464231407420884,0.134152117706031,0.999999975384201
3.86522116263126e-08,0.361859161421638,0.407223730577585,0.461834216001555,0.13094205342086,0.999999974903104
3.97373038148561e-08,0.357323309584272,0.413033329134909,0.459286722561639,0.127679948303452,0.999999974422863
4.08528580392857e-08,0.352661108484415,0.41904764121475,0.45658250060167,0.12436985818358,0.999999973944305
4.19997294671531e-08,0.347874113037783,0.425268173207078,0.453715427510278,0.121016399282644,0.999999973468289
4.31787972733202e-08,0.342964648811385,0.43169545348677,0.450679795403691,0.117624751109539,0.999999972995695
4.43909653139217e-08,0.33793586286626,0.438328922467914,0.447470429331652,0.114200648200433,0.999999972527415
4.56371628192476e-08,0.332791764367789,0.445166830498345,0.444082810267731,0.110750359233924,0.999999972064351
4.6918345106078e-08,0.327537252175256,0.452206148028045,0.4405131995934,0.107280652378556,0.999999971607398
4.82354943100147e-08,0.322178126763894,0.459442492665931,0.436758761140349,0.10379874619372,0.99999997115744
4.95896201383721e-08,0.316721084170103,0.466870077658278,0.432817676343238,0.100312245998484,0.999999970715331
5.09817606442043e-08,0.311173690194203,0.474481685932558,0.428689247746477,0.0968290663209651,0.999999970281895
5.24129830220606e-08,0.30554433383562,0.482268673130243,0.424373986068274,0.0933573408014827,0.999999969857903
5.38843844260822e-08,0.299842159839621,0.490221002010217,0.419873676300324,0.0899053216894588,0.999999969444073
5.5397092811064e-08,0.294076981246557,0.498327309287026,0.415191418932834,0.0864812717801398,0.999999969041054
5.69522677971282e-08,0.288259173877916,0.506575004457974,0.410331643328219,0.0830933522138064,0.999999968649421
5.85511015586724e-08,0.282399555680585,0.514950398583476,0.405300091471877,0.0797495099446464,0.99999996826967
6.01948197382727e-08,0.276509254691971,0.523438859448464,0.400103771719129,0.0764573688324062,0.999999967902209
6.18846823862438e-08,0.27059957000528,0.53202498818361,0.394750883622221,0.0732241281941692,0.999999967547357
6.3621984926575e-08,0.26468183044886,0.540692811383164,0.389250716335952,0.0700564722808835,0.999999967205346
6.54080591499826e-08,0.258767255718444,0.549425982109245,0.383613524344622,0.0669604935461328,0.999999966876318
6.72442742348425e-08,0.252866824421886,0.558207982965421,0.377850385225387,0.0639416318091926,0.999999966560329
6.91320377967813e-08,0.246991152949543,0.567022324653105,0.371973044794705,0.06100463055219,0.999999966257358
7.10727969677341e-08,0.241150388331748,0.575852734045733,0.365993755245039,0.0581535107092281,0.999999965967306
7.30680395052951e-08,0.235354117365163,0.584683326745901,0.359925111777872,0.055391561476227,0.999999965690007
7.51192949332097e-08,0.229611293363778,0.593498760225953,0.35377989282054,0.0527213469535077,0.999999965425234
7.72281357138864e-08,0.223930180993713,0.602284364882644,0.347570908247286,0.0501447268700702,0.99999996517271
7.93961784538228e-08,0.218318318845838,0.611026251558142,0.341310859192041,0.0476628892498172,0.999999964932111
8.16250851428724e-08,0.212782498730124,0.619711395206803,0.335012212126147,0.0452763926670506,0.999999964703079
8.39165644283016e-08,0.207328760164704,0.628327695357475,0.328687088955642,0.0429852156868831,0.999999964485224
8.62723729246145e-08,0.201962398186305,0.636864014797447,0.322347174032496,0.0407888111700572,0.999999964278139
8.8694316560147e-08,0.196687982418111,0.645310198473081,0.316003638217616,0.0386861633093027,0.9999999640814
9.11842519614656e-08,0.191509385276358,0.653657074969818,0.309667079507649,0.0366758455225338,0.999999963894572
9.374408787663e-08,0.186429817252466,0.661896443120828,0.303347479253412,0.0347560776257605,0.99999996371722
9.63757866384109e-08,0.181451867345414,0.670021046328057,0.297054172653057,0.0329247810188855,0.999999963548908
9.90813656685867e-08,0.176577546912497,0.678024537094622,0.290795831985762,0.0311796309196158,0.999999963389202
1.01862899024469e-07,0.171808335431738,0.685901434096069,0.284580460944386,0.0295181049595454,0.999999963237681
1.04722518988844e-07,0.167145226906288,0.693647073889993,0.278415398407437,0.02793752770257,0.999999963093929
1.07662417704549e-07,0.162588775875037,0.701257559104381,0.272307330041165,0.0264351108544538,0.999999962957545
1.10684848854941e-07,0.158139142213539,0.708729704675408,0.266262306222105,0.0250079891024865,0.999999962828141
1.13792129391531e-07,0.153796134108304,0.716060983440734,0.260285764901924,0.0236532516573421,0.999999962705345
1.16986641310131e-07,0.149559248761724,0.723249472145366,0.25438255818582,0.0223679696688134,0.999999962588797
1.20270833476851e-07,0.145427710533222,0.73029379869086,0.248556981551834,0.0211492197573052,0.999999962478156
1.23647223505371e-07,0.141400506344989,0.737193091258545,0.242812804792932,0.0199941039485229,0.999999962373098
1.27118399686903e-07,0.137476418279633,0.743946929765007,0.23715330391072,0.0188997663242731,0.999999962273312
1.30687022974335e-07,0.133654053374719,0.750555299962575,0.231581293325411,0.0178634067120138,0.999999962178505
1.34355829022083e-07,0.129931870677997,0.757018550377559,0.226099157888889,0.0168822917335526,0.999999962088399
1.38127630283201e-07,0.126308205670203,0.763337352181967,0.220708884295659,0.0159537635223733,0.999999962002731
1.42005318165368e-07,0.122781292192151,0.769512662017855,0.215412091579988,0.0150752464021565,0.999999961921253
1.45991865247398e-07,0.11934928203198,0.775545687734387,0.210210060467265,0.014244251798348,0.999999961843731
1.50090327557974e-07,0.116010262339134,0.781437856953546,0.20510376141464,0.0134583816318138,0.999999961769945
1.54303846918356e-07,0.112762271035692,0.787190788348607,0.200093881231402,0.0127153304199911,0.999999961699685
1.58635653350859e-07,0.10960331039485,0.792806265497762,0.195180848214775,0.0120128862874627,0.999999961632758
1.63089067554933e-07,0.106531358951784,0.798286213161648,0.190364855773136,0.0113489310652163,0.999999961568978
1.6766750345277e-07,0.103544381905072,0.803632675826289,0.185645884537279,0.0107214396364322,0.999999961508174
1.72374470806362e-07,0.100640340158073,0.808847798350633,0.181023722982587,0.0101284786667794,0.999999961450182
1.77213577908036e-07,0.0978171981398501,0.813933808559299,0.176497986601701,0.00956820483899962,0.99999996139485
1.82188534346517e-07,0.0950729305348965,0.818893001625308,0.172068135679592,0.00903886269510062,0.999999961342033
1.87303153850643e-07,0.0924055280405121,0.823727726093694,0.167733491731587,0.00853878217471854,0.999999961291596
1.9256135721292e-07,0.0898130022603755,0.828440371404345,0.163493252670558,0.00806637592509654,0.999999961243414
1.97967175295133e-07,0.0872933898329517,0.833033356780645,0.159346506772806,0.00762013644654849,0.999999961197365
2.03524752118358e-07,0.0848447558839448,0.837509121359236,0.155292245513638,0.0071986331271259,0.999999961153339
2.09238348039698e-07,0.0824651968831715,0.841870115445015,0.151329375343628,0.00680050921135764,0.99999996111123
2.15112343018217e-07,0.0801528429780041,0.846118792784248,0.147456728475495,0.00642447874025648,0.999999961070938
2.21151239972549e-07,0.0779058598679593,0.85025760375724,0.143673072749602,0.00606932349315817,0.999999961032369
2.27359668232772e-07,0.0757224502780753,0.854288989400123,0.139977120643603,0.00573388995627369,0.999999960995438
2.33742387089181e-07,0.0736008550823988,0.858215376173164,0.136367537488874,0.00541708633796203,0.999999960960059
2.40304289440697e-07,0.0715393541231825,0.862039171400223,0.132842948953189,0.00511787964658805,0.999999960926156
2.47050405545683e-07,0.0695362667662282,0.865762759310861,0.129401947845822,0.00483529284331716,0.999999960893656
2.53985906878073e-07,0.067589952228163,0.869388497622904,0.126043100297865,0.00456840207923043,0.999999960862489
2.61116110091746e-07,0.0656988097072725,0.872918714609111,0.122764951367233,0.00431633402365579,0.999999960832589
2.68446481096197e-07,0.0638612783457852,0.876355706596956,0.119566030114517,0.00407826328852684,0.999999960803897
2.75982639246618e-07,0.0620758370481821,0.879701735855491,0.116444854192654,0.00385340995185492,0.999999960776352
2.83730361651621e-07,0.0603410041771425,0.882959028827685,0.113399933990345,0.00364103718196983,0.999999960749902
2.91695587601879e-07,0.0586553371461046,0.886129774670807,0.110429776366176,0.00344044896301655,0.999999960724495
2.99884423123102e-07,0.0570174319250832,0.889216124071076,0.107532888007683,0.00325098792124191,0.99999996070008
3.08303145656828e-07,0.0554259224743204,0.892220188302203,0.104707778446954,0.00307203325084361,0.999999960676613
3.16958208872612e-07,0.0538794801185066,0.895144038500531,0.101952962761924,0.0029029987375445,0.99999996065405
3.25856247615323e-07,0.0523768128726913,0.897989705132197,0.0992669639902241,0.00274333087757923,0.99999996063235
3.35004082991314e-07,0.0509166647295739,0.900759177630272,0.096648315280308,0.00259250708941984,0.999999960611472
3.44408727597382e-07,0.0494978149165964,0.9034544041821,0.0940955618026068,0.00245003401529302,0.999999960591382
3.54077390896527e-07,0.048119077130153,0.906077291649046,0.0916072624416012,0.0023154459093524,0.999999960572043
3.64017484744614e-07,0.0467792987532436,0.90862970560275,0.0891819912880123,0.00218830310923744,0.999999960553423
3.74236629072198e-07,0.0454773600620422,0.911113470463594,0.0868183389487276,0.00206819058767835,0.999999960535489
3.84742657725851e-07,0.0442121734260863,0.913530369728599,0.0845149136906296,0.00195471658077148,0.999999960518213
3.9554362447347e-07,0.0429826825061314,0.915882146277292,0.0822703424331526,0.00184751128955507,0.999999960501566
4.06647809178186e-07,0.0417878614531246,0.918170502745297,0.080083271603157,0.00174622565154613,0.999999960485522
4.18063724145576e-07,0.040626714111244,0.920397101956465,0.0779523678645826,0.00165053017895268,0.999999960470053
4.2980012064908e-07,0.0394982732274932,0.922563567405363,0.0758763187342875,0.0015601138603494,0.999999960455138
4.41865995638594e-07,0.0384015996699555,0.924671483782778,0.0738538330945332,0.00147468312268891,0.999999960440751
4.54270598637404e-07,0.0373357816564597,0.926722397537698,0.071883641611685,0.00139396085061716,0.999999960426873
4.67023438832733e-07,0.0362999339951142,0.928717817469937,0.069964497069897,0.00131768546016564,0.999999960413481
4.80134292365345e-07,0.0352931973379022,0.930659215348195,0.068095174627805,0.00124561002399973,0.999999960400556
4.93613209823792e-07,0.0343147374483027,0.932548026548911,0.0662744720055723,0.00117750144551658,0.999999960388079
5.07470523949047e-07,0.0333637444837021,0.934385650711792,0.0645012096090121,0.00111313967919603,0.999999960376032
5.21716857555435e-07,0.0324394322931905,0.936173452408343,0.0627742305969322,0.00105231699472438,0.999999960364398
5.36363131673925e-07,0.0315410377311883,0.937912761820144,0.0610924008973349,0.00099483728252088,0.999999960353162
5.5142057392403e-07,0.0306678199872152,0.93960487542398,0.0594546091776101,0.000940515398410204,0.999999960342306
5.66900727120743e-07,0.0298190599320076,0.941251056681275,0.0578597667734356,0.000889176545289749,0.999999960331816
5.82815458123084e-07,0.0289940594800912,0.942852536729568,0.0563068075806819,0.000840655689750308,0.999999960321679
5.99176966931061e-07,0.0281921409688366,0.944410515074035,0.054794687914256,0.000794797011708558,0.999999960311881
6.15997796038017e-07,0.02741264655395,0.94592616027731,0.0533223863374806,0.000751453385209752,0.999999960302408
6.33290840045511e-07,0.0266549376213016,0.947400610646054,0.0518889034652897,0.000710485888656798,0.999999960293249
6.51069355548147e-07,0.0259183942149308,0.948834974912948,0.0504932617442425,0.000671763342809537,0.999999960284392
6.69346971295867e-07,0.0252024144810394,0.950230332912914,0.0491345052120938,0.000635161874992525,0.999999960275825
6.88137698641567e-07,0.0245064141277372,0.951587736252553,0.0478116992394199,0.000600564508027229,0.999999960267537
7.07455942281988e-07,0.0238298259002814,0.952908208971927,0.0465239302555826,0.000567860772490152,0.999999960259519
7.27316511300145e-07,0.0231720990715273,0.954192748197918,0.0452703054611098,0.000536946340972441,0.999999960251761
7.47734630517758e-07,0.0225326989472869,0.955442324788518,0.0440499525283902,0.000507722683091856,0.999999960244252
7.68725952166374e-07,0.0219111063862776,0.956657883967518,0.0428620192924079,0.000480096740073634,0.999999960236984
7.90306567886135e-07,0.0213068173343341,0.95784034594912,0.0417056734330916,0.000453980617788292,0.999999960229949
8.12493021061405e-07,0.0207193423725448,0.958990606552102,0.0405801021507067,0.000429291297191423,0.999999960223138
8.35302319502679e-07,0.0201482062789707,0.960109537803232,0.0394845118355939,0.00040595036117369,0.999999960216543
8.58751948484518e-07,0.0195929476036009,0.961197988529682,0.0384181277334342,0.000383883736883799,0.999999960210156
8.82859884149515e-07,0.0190531182561972,0.962256784940247,0.0373801936071125,0.000363021452640902,0.99999996020397
9.07644607288536e-07,0.0185282831066791,0.963286731195244,0.0363699713961533,0.000343297408602498,0.999999960197979
9.33125117507824e-07,0.0180180195977062,0.96428860996499,0.0353867408746075,0.000324649160402486,0.999999960192174
9.59320947793823e-07,0.0175219173691111,0.965263182976795,0.0344297993081871,0.00030701771501758,0.999999960186551
9.86252179486878e-07,0.0170395778938478,0.96621119155047,0.0334984611113652,0.000290347338165201,0.999999960181102
1.01393945767529e-06,0.0165706141251175,0.967133357122337,0.0325920575050916,0.000274585372571641,0.999999960175822
1.04240400702156e-06,0.0161146501543451,0.968030381757803,0.0317099361757044,0.00025968206649294,0.999999960170705
1.07166764803286e-06,0.0156713208796816,0.968902948652537,0.0308514609355628,0.000245590411900153,0.999999960165745
1.10175281378839e-06,0.0152402716847156,0.969751722622349,0.0300160113858699,0.000232265991780695,0.999999960160937
1.13268256713615e-06,0.0148211581270858,0.970577350581862,0.0292029825821038,0.000219666836033895,0.999999960156277
1.16448061837269e-06,0.0144136456366872,0.971380462012097,0.0284117847024317,0.000207753285471363,0.999999960151758
1.19717134341897e-06,0.0140174092231803,0.972161669417101,0.0276418427194372,0.000196487863461707,0.999999960147377
1.23077980250667e-06,0.01363213319251,0.972921568769763,0.0268925960754539,0.000185835154783025,0.999999960143129
1.26533175938894e-06,0.0132575108721566,0.973660739946961,0.0261634983617649,0.000175761691274114,0.999999960139009
1.30085370109057e-06,0.0128932443448438,0.97437974715421,0.0254540170018914,0.000166235843898105,0.999999960135013
1.3373728582125e-06,0.0125390441904376,0.975079139339978,0.0247636329391694,0.00015722772085295,0.999999960131137
1.37491722580642e-06,0.0121946292357795,0.975759450599829,0.0240918403287824,0.000148709071388326,0.999999960127378
1.4135155848354e-06,0.0118597263121998,0.976421200570602,0.0234381462343962,0.000140653195001672,0.999999960123732
1.4531975242369e-06,0.0115340700204712,0.97706489481477,0.0228020703295176,0.000133034855712363,0.999999960120194
1.49399346360526e-06,0.0112174025029639,0.977691025195196,0.0221831446036803,0.000125830201123722,0.999999960116762
1.5359346765109e-06,0.0109094732227732,0.978300070240457,0.0215809130735401,0.00011901668600316,0.999999960113432
1.57905331447418e-06,0.0106100387495995,0.978892495500926,0.0209949314989483,0.000112573000125293,0.9999999601102
1.62338243161228e-06,0.0103188625521629,0.979468753895811,0.0204247671040519,0.000106479000136984,0.999999960107064
1.66895600997803e-06,0.0100357147969461,0.980029286051324,0.0198699983034591,0.000100715645216531,0.999999960104021
1.71580898561001e-06,0.00976037215306293,0.980574520630189,0.0193302144334952,9.52649363153216e-05,0.999999960101067
1.76397727531405e-06,0.00949261760305705,0.981104874652663,0.0188050154885594,9.01098587773701e-05,0.999999960098201
1.8134978041965e-06,0.00923224025944266,0.981620753809264,0.018294011862587,8.52343281491467e-05,0.999999960095418
1.86440853397049e-06,0.00897903518680291,0.982122552765393,0.0177968240956092,8.06231389983356e-05,0.999999960092717
1.91674849205681e-06,0.00873280322927003,0.982610655458033,0.0173130826253932,7.62619165734398e-05,0.999999960090096
1.9705578015018e-06,0.00849335084321624,0.983085435384713,0.0168424275441419,7.21370711453048e-05,0.99999996008755
2.02587771173502e-06,0.00826048993498854,0.983547255884901,0.0163845083602203,6.82357548784027e-05,0.999999960085079
2.08275063019052e-06,0.00803403770352854,0.983996470414035,0.0159389837648731,6.4545821092013e-05,0.99999996008268
2.14122015481573e-06,0.00781381648772134,0.984433422810333,0.0155055214038914,6.10557857756485e-05,0.99999996008035
2.20133110749303e-06,0.007599653618325,0.984858447554585,0.0150837976541808,5.77547912346179e-05,0.999999960078088
2.26312956839953e-06,0.00739138127433393,0.985271870023076,0.0146734974051794,5.46325717442273e-05,0.999999960075891
2.32666291133146e-06,0.00718883634363873,0.985674006733826,0.014274313845071,5.16794211032207e-05,0.999999960073758
2.39197984002024e-06,0.00699186028784422,0.986065165586289,0.0138859482517332,4.88861619776446e-05,0.999999960071687
2.45913042546804e-06,0.00680029901111684,0.986445646094703,0.0135081097883595,4.62441169371067e-05,0.999999960069675
2.5281661443315e-06,0.00661400273293429,0.98681573961522,0.0131405153036911,4.37450810887655e-05,0.999999960067721
2.59913991838293e-06,0.00643282586461432,0.987175729566991,0.0127828891367903,4.1381296219143e-05,0.999999960065824
2.67210615507944e-06,0.00625662688950604,0.98752589164735,0.0124349629262885,3.91454263618009e-05,0.999999960063981
2.74712078927081e-06,0.00608526824672728,0.987866494041254,0.0120964754240365,3.70305347090483e-05,0.99999996006219
2.82424132607844e-06,0.00591861621833888,0.988197797625117,0.0117671723130877,3.50300617950484e-05,0.999999960060451
2.90352688497781e-06,0.00575654081984865,0.988520056165182,0.0114468060299396,3.31378048788779e-05,0.999999960058762
2.98503824511873e-06,0.00559891569394162,0.988833516510578,0.0111351355909607,3.13478984612786e-05,0.999999960057121
3.06883789191764e-06,0.00544561800733582,0.9891384187812,0.0108319264229288,2.965479587143e-05,0.999999960055526
3.15499006495809e-06,0.00529652835066781,0.98943499655053,0.0105369501976052,2.80532518652007e-05,0.999999960053977
3.24356080723581e-06,0.00515153064131523,0.989723477023549,0.0102499846702708,2.65383061798068e-05,0.999999960052472
3.33461801578637e-06,0.00501051202906293,0.990004081209863,0.00997081352214782,2.51052679890156e-05,0.99999996005101
3.42823149373397e-06,0.00487336280452877,0.990277024092155,0.00969922620663287,2.37497012123365e-05,0.99999996004959
3.52447300380159e-06,0.00473997631026194,0.990542514790105,0.0094350177992663,2.24674106287844e-05,0.99999996004821
3.62341632332315e-06,0.00461024885443359,0.990800756719885,0.00917798885136262,2.12544287522803e-05,0.999999960046868
3.72513730080021e-06,0.00448407962703938,0.991051947749347,0.0089279452472281,2.01070034253244e-05,0.999999960045565
3.82971391404628e-06,0.00436137061853802,0.991296280349016,0.00868469806489161,1.90215860922122e-05,0.999999960044299
3.93722632996347e-06,0.00424202654085141,0.991533941739011,0.00844806344027519,1.79948207138184e-05,0.999999960043068
4.04775696599732e-06,0.00412595475065518,0.991765114031979,0.00821786243473191,1.70235332892215e-05,0.999999960041873
4.16139055331671e-06,0.00401306517488957,0.991989974372171,0.00799392090587895,1.61047219500911e-05,0.999999960040711
4.27821420176762e-06,0.00390327023842338,0.992208695070749,0.00777606938165449,1.52355475961322e-05,0.999999960039581
4.39831746665023e-06,0.00379648479380744,0.992421443737428,0.00756414293752842,1.44133250432254e-05,0.999999960038484
4.5217924173707e-06,0.00369262605305269,0.992628383408549,0.0073579810767969,1.36355146542373e-05,0.999999960037417
4.64873370802026e-06,0.00359161352137324,0.992829672671681,0.00715742761389243,1.28997144270256e-05,0.999999960036381
4.7792386499356e-06,0.00349336893283569,0.993025465786843,0.00696233056064167,1.22036525148526e-05,0.999999960035373
4.91340728629636e-06,0.00339781618785591,0.993215912804442,0.0067725420154042,1.1545180153805e-05,0.999999960034394
5.05134246881677e-06,0.00330488129249057,0.993401159679996,0.00658791805502668,1.09222649772285e-05,0.999999960033442
5.19314993659021e-06,0.00321449229946801,0.993581348385758,0.00640831862954763,1.03329846941926e-05,0.999999960032517
5.33893839714736e-06,0.0031265792509068,0.993756617019299,0.00623360745958915,9.77552111222201e-06,0.999999960031618
5.48881960978968e-06,0.00304107412267298,0.99392709990914,0.00606365193637323,9.2481544863637e-06,0.999999960030744
5.64290847126254e-06,0.00295791077032628,0.994092927717523,0.00589832302430077,8.74925817589706e-06,0.999999960029894
5.80132310383338e-06,0.00287702487660848,0.994254227540375,0.00573749516603334,8.27729359181417e-06,0.999999960029068
5.96418494584246e-06,0.00279835390042909,0.994411123004562,0.00558104619001798,7.83080542010334e-06,0.999999960028265
6.13161884479577e-06,0.00272183702730226,0.994563734362499,0.00542885722039702,7.40841710374519e-06,0.999999960027485
6.30375315307127e-06,0.00264741512119534,0.994712178584182,0.00528081258924569,7.00882657249206e-06,0.999999960026726
6.48071982631197e-06,0.00257503067774341,0.994856569446716,0.00513679975108148,6.6308022026668e-06,0.999999960025989
6.66265452458115e-06,0.00250462777879434,0.99499701762141,0.00499670919959039,6.27317899914732e-06,0.999999960025272
6.84969671635745e-06,0.00243615204824062,0.995133630758501,0.00486043438651602,5.93485498261159e-06,0.999999960024575
7.0419897854493e-06,0.00236955060910443,0.995266513569566,0.00472787164265898,5.61478777494438e-06,0.999999960023898
7.23968114091088e-06,0.0023047720418367,0.995395767907696,0.00459892010093458,5.31199136940847e-06,0.999999960023239
7.44292233004376e-06,0.00224176634379585,0.995521492845485,0.00447348162143858,5.02553307656431e-06,0.999999960022599
7.65186915457082e-06,0.00218048488987147,0.995643784750893,0.00435146071847108,4.75453063592587e-06,0.999999960021976
7.86668179007157e-06,0.00212088039421953,0.995762737361045,0.00423276448947021,4.49814948442519e-06,0.999999960021371
8.08752490877046e-06,0.00206290687307768,0.995878441854018,0.00411730254580804,4.25560017365632e-06,0.999999960020783
8.31456780577206e-06,0.00200651960862838,0.99599098691867,0.00400498694540248,4.02613592713572e-06,0.99999996002021
8.54798452884042e-06,0.00195167511387907,0.996100458822571,0.00389573212709935,3.80905032939388e-06,0.999999960019654
8.78795401182133e-06,0.00189833109853226,0.996206941478077,0.00378945484678062,3.60367514195192e-06,0.999999960019113
9.03466021181053e-06,0.00184644643581397,0.996310516506609,0.00368607411515504,3.40937823644586e-06,0.999999960018587
9.2882922501725e-06,0.00179598113023509,0.99641126330117,0.00358551113718888,3.22556164064711e-06,0.999999960018076
9.54904455751808e-06,0.00174689628625756,0.996509259087175,0.00348768925313526,3.0516596899329e-06,0.999999960017579
9.81711702275218e-06,0.00169915407784036,0.996604578981599,0.00339253388112142,2.88713727964818e-06,0.999999960017096
1.00927151463057e-05,0.00165271771883889,0.996697296050534,0.00329997246125439,2.73148821169217e-06,0.999999960016626
1.03760501976691e-05,0.00160755143423389,0.996787481365163,0.00320993440120637,2.58423363070194e-06,0.999999960016169
1.06673393773486e-05,0.0015636204321665,0.996875204056213,0.0031223510232419,2.4449205455546e-06,0.999999960015725
1.09668059833687e-05,0.00152089087675524,0.99696053136692,0.00303715551265001,2.31312043023381e-06,0.999999960015293
1.12746795824495e-05,0.00147932986167366,0.997043528704554,0.00295428286754528,2.18842790101559e-06,0.999999960014873
1.15911961859889e-05,0.00143890538446675,0.997124259690532,0.00287366985000254,2.070459465482e-06,0.999999960014464
1.19165984309856e-05,0.00139958632158385,0.997202786209171,0.00279525493849093,1.95885233838025e-06,0.999999960014067
1.22511357660412e-05,0.00136134240410967,0.997279168455103,0.00271897828157375,1.85326332279674e-06,0.999999960013681
1.25950646425836e-05,0.00132414419417173,0.997353464979408,0.00264478165284138,1.75336775104029e-06,0.999999960013305
1.2948648711459e-05,0.00128796306200602,0.997425732734471,0.00257260840704531,1.65885848336326e-06,0.99999996001294
1.33121590250431e-05,0.0012527711636612,0.997496027117638,0.00250240343740212,1.56944496013849e-06,0.999999960012585
1.36858742450252e-05,0.00121854141932533,0.997564402013656,0.00243411313403705,1.48485230680407e-06,0.99999996001224
1.40700808560269e-05,0.00118524749225428,0.997630909835977,0.0023676853435374,1.40482048557877e-06,0.999999960011904
1.44650733852165e-05,0.00115286376828768,0.997695601566919,0.00230306932958698,1.32910349418371e-06,0.999999960011577
1.48711546280895e-05,0.00112136533593414,0.997758526796739,0.00224021573465319,1.257468607544e-06,0.99999996001126
1.52886358805873e-05,0.00109072796700985,0.99781973376164,0.00217907654269938,1.18969566015748e-06,0.999999960010951
1.57178371777316e-05,0.00106092809781608,0.997879269380736,0.0021196050428956,1.12557636828105e-06,0.999999960010651
1.61590875389592e-05,0.00103194281083871,0.997937179292011,0.0020617557943015,1.0649136879628e-06,0.999999960010359
1.66127252203429e-05,0.00100374981695565,0.997993507887296,0.00200548459149601,1.00752120764554e-06,0.999999960010075
1.70790979738943e-05,0.000976327438138492,0.998048298346297,0.0019507484311287,9.53222574142645e-07,0.999999960009798
1.75585633141447e-05,0.000949654590634436,0.998101592669681,0.00189750547936888,9.01850949998383e-07,0.99999996000953
