1e-09,0.49972479369936,0.250275282064156,0.249999924236484,0.249999924236484,0.249724869462877,0.999999999205242
1.02807322383086e-09,0.499717061812457,0.250283018267271,0.249999919920272,0.249999919920272,0.249717141892186,0.999999999182938
1.05693455355799e-09,0.499709112527116,0.250290972114838,0.249999915358046,0.249999915358046,0.24970919716907,0.999999999160008
1.0866061138546e-09,0.49970093972092,0.250299149743305,0.249999910535775,0.249999910535775,0.249701029185145,0.999999999136434
1.11711065050482e-09,0.499692537098474,0.2503075574629,0.249999905438626,0.249999905438626,0.249692631659848,0.999999999112199
1.14847154784029e-09,0.499683898186484,0.250316201762595,0.249999900050921,0.249999900050921,0.249683998135563,0.999999999087285
1.18071284666619e-09,0.499675016328699,0.250325089315217,0.249999894356084,0.249999894356084,0.249675121972615,0.999999999061671
1.21385926269063e-09,0.499665884680703,0.250334226982702,0.249999888336595,0.249999888336595,0.249665996344108,0.999999999035339
1.24793620547131e-09,0.499656496204559,0.25034362182151,0.249999881973931,0.249999881973931,0.249656614230628,0.999999999008268
1.28296979789415e-09,0.499646843663296,0.25035328108819,0.249999875248514,0.249999875248514,0.249646968414782,0.999999998980438
1.31898689619867e-09,0.499636919615241,0.250363212245114,0.249999868139645,0.249999868139645,0.249637051475596,0.999999998951827
1.35601511056563e-09,0.499626716408183,0.250373422966372,0.249999860625445,0.249999860625445,0.249626855782738,0.999999998922414
1.39408282628258e-09,0.49961622617337,0.250383921143848,0.249999852682782,0.249999852682782,0.249616373490588,0.999999998892175
1.43321922550358e-09,0.499605440819333,0.250394714893462,0.249999844287206,0.249999844287206,0.249605596532127,0.999999998861089
1.47345430961984e-09,0.499594352025526,0.250405812561607,0.249999835412867,0.249999835412866,0.24959451661266,0.99999999882913
1.51481892225835e-09,0.499582951235793,0.250417222731768,0.249999826032439,0.249999826032439,0.249583125203354,0.999999998796275
1.55734477292614e-09,0.499571229651628,0.250428954231337,0.249999816117035,0.249999816117035,0.249571413534594,0.999999998762499
1.60106446131832e-09,0.499559178225259,0.250441016138625,0.249999805636115,0.249999805636115,0.249559372589144,0.999999998727775
1.64601150230855e-09,0.499546787652513,0.250453417790091,0.249999794557396,0.249999794557395,0.249546993095118,0.999999998692078
1.69222035164104e-09,0.499534048365484,0.25046616878777,0.249999782846745,0.249999782846745,0.249534265518739,0.999999998655379
1.7397264323438e-09,0.499520950524987,0.250479279006931,0.249999770468082,0.249999770468082,0.249521180056904,0.999999998617651
1.78856616188346e-09,0.499507484012783,0.250492758603955,0.249999757383262,0.249999757383262,0.249507726629521,0.999999998578866
1.83877698008233e-09,0.49949363842359,0.250506618024454,0.249999743551957,0.249999743551957,0.249493894871633,0.999999998538992
1.89039737781922e-09,0.49947940305685,0.250520868011617,0.249999728931533,0.249999728931534,0.249479674125316,0.999999998498001
1.94346692653602e-09,0.49946476690826,0.250535519614821,0.24999971347692,0.24999971347692,0.24946505343134,0.99999999845586
1.99802630857255e-09,0.499449718661052,0.250550584198483,0.249999697140465,0.249999697140464,0.249450021520588,0.999999998412537
2.05411734835306e-09,0.499434246677024,0.250566073451186,0.24999967987179,0.24999967987179,0.249434566805234,0.999999998368
2.11178304444824e-09,0.499418338987295,0.25058199939507,0.249999661617635,0.249999661617635,0.24941867736966,0.999999998322214
2.17106760253726e-09,0.499401983282803,0.250598374395506,0.249999642321691,0.249999642321691,0.249402340961112,0.999999998275145
2.23201646929523e-09,0.499385166904512,0.250615211171065,0.249999621924423,0.249999621924423,0.249385544980089,0.999999998226756
2.29467636723194e-09,0.499367876833336,0.250632522803772,0.249999600362892,0.249999600362892,0.249368276470444,0.99999999817701
2.35909533050864e-09,0.499350099679766,0.250650322749683,0.249999577570551,0.249999577570551,0.249350522109215,0.99999999812587
2.42532274176036e-09,0.499331821673185,0.250668624849773,0.249999553477042,0.249999553477042,0.249332268196143,0.999999998073296
2.49340936995188e-09,0.499313028650874,0.250687443341147,0.249999528007979,0.249999528007979,0.249313500642895,0.999999998019248
2.56340740929651e-09,0.499293706046688,0.2507067928686,0.249999501084712,0.249999501084712,0.249294204961975,0.999999997963686
2.63537051926739e-09,0.499273838879396,0.250726688496519,0.249999472624086,0.249999472624086,0.24927436625531,0.999999997906566
2.70935386573205e-09,0.499253411740677,0.250747145721146,0.249999442538177,0.249999442538177,0.2492539692025,0.999999997847846
2.78541416324176e-09,0.499232408782758,0.250768180483218,0.249999410734024,0.249999410734024,0.249232998048734,0.999999997787479
2.86360971850811e-09,0.499210813705679,0.250789809180986,0.249999377113335,0.249999377113335,0.249211436592344,0.999999997725421
2.94400047510004e-09,0.499188609744187,0.250812048683631,0.249999341572182,0.249999341572182,0.249189268172006,0.999999997661624
3.0266480593957e-09,0.49916577965423,0.250834916345097,0.249999304000673,0.249999304000673,0.249166475653557,0.999999997596039
3.11161582782436e-09,0.49914230569905,0.250858430018334,0.249999264282616,0.249999264282616,0.249143041416434,0.999999997528617
3.19896891543454e-09,0.499118169634858,0.250882608069993,0.249999222295149,0.249999222295149,0.249118947339709,0.999999997459305
3.28877428582551e-09,0.49909335269608,0.250907469395561,0.249999177908358,0.249999177908358,0.249094174787722,0.999999997388052
3.38110078248068e-09,0.499067835580159,0.250933033434968,0.249999130984873,0.249999130984873,0.249068704595286,0.999999997314802
3.47601918154197e-09,0.499041598431894,0.250959320188671,0.249999081379435,0.249999081379435,0.24904251705246,0.9999999972395
3.57360224606578e-09,0.499014620827313,0.250986350234246,0.249999028938441,0.249999028938441,0.249015591888872,0.999999997162089
3.67392478180208e-09,0.498986881757051,0.251014144743482,0.249998973499467,0.249998973499467,0.248987908257584,0.99999999708251
3.77706369453937e-09,0.498958359609233,0.251042725500014,0.249998914890753,0.249998914890753,0.248959444718481,0.999999997000702
3.88309804905961e-09,0.498929032151826,0.251072114917507,0.249998852930667,0.249998852930667,0.248930179221159,0.999999996916602
3.99210912974805e-09,0.498898876514459,0.251102336058405,0.249998787427136,0.249998787427136,0.248900089087322,0.999999996830147
4.10418050290471e-09,0.498867869169692,0.251133412653268,0.24999871817704,0.24999871817704,0.248869150992651,0.999999996741272
4.21939808080502e-09,0.498835985913706,0.251165369120718,0.249998644965576,0.249998644965576,0.24883734094813,0.999999996649908
4.33785018755898e-09,0.498803201846406,0.251198230588015,0.249998567565579,0.249998567565579,0.248804634280827,0.999999996555985
4.45962762681909e-09,0.498769491350907,0.251232022912282,0.249998485736811,0.249998485736811,0.248771005614097,0.999999996459433
4.58482375138911e-09,0.498734828072399,0.2512667727024,0.249998399225201,0.249998399225201,0.248736428847198,0.999999996360178
4.71353453478692e-09,0.498699184896347,0.251302507341607,0.249998307762046,0.249998307762046,0.248700877134302,0.999999996258145
4.8458586448165e-09,0.498662533926029,0.251339255010809,0.249998211063162,0.249998211063162,0.248664322862867,0.999999996153256
4.98189751920517e-09,0.49862484645937,0.251377044712641,0.249998108827989,0.249998108827989,0.248626737631381,0.999999996045432
5.12175544336424e-09,0.498586092965059,0.251415906296304,0.249998000738638,0.249998000738638,0.248588092226421,0.999999995934589
5.26553963033276e-09,0.498546243057921,0.251455870483191,0.249997886458888,0.249997886458888,0.248548356599034,0.999999995820646
5.41336030296538e-09,0.498505265473525,0.251496968893354,0.249997765633121,0.249997765633121,0.248507499840404,0.999999995703514
5.56533077842764e-09,0.498463128041987,0.251539234072815,0.249997637885198,0.249997637885198,0.248465490156789,0.999999995583105
5.72156755506324e-09,0.498419797660959,0.25158269952178,0.24999750281726,0.24999750281726,0.248422294843699,0.999999995459327
5.88219040169997e-09,0.498375240267767,0.251627399723759,0.249997360008474,0.249997360008474,0.248377880259293,0.999999995332088
6.04732244946265e-09,0.498329420810663,0.251673370175648,0.24999720901369,0.24999720901369,0.248332211796973,0.999999995201289
6.21709028616383e-09,0.498282303219174,0.251720647418801,0.249997049362025,0.249997049362026,0.248285253857148,0.999999995066833
6.39162405334401e-09,0.498233850373508,0.25176926907112,0.249996880555372,0.249996880555372,0.248236969818136,0.999999994928617
6.57105754603627e-09,0.498184024072982,0.251819273860215,0.249996702066803,0.249996702066803,0.248187322006179,0.999999994786536
6.75552831533164e-09,0.498132785003446,0.251870701657659,0.249996513338895,0.249996513338895,0.248136271664551,0.999999994640483
6.94517777382369e-09,0.498080092703663,0.251923593514388,0.24999631378195,0.249996313781949,0.248083778921713,0.999999994490348
7.14015130401339e-09,0.498025905530601,0.251977991697294,0.249996102772105,0.249996102772105,0.248029802758496,0.999999994336017
7.3405983697572e-09,0.497970180623621,0.252033939727035,0.249995879649344,0.249995879649344,0.247974300974277,0.999999994177373
7.5466726308439e-09,0.49791287386749,0.252091482417135,0.249995643715375,0.249995643715375,0.247917230152116,0.999999994014295
7.75853206078784e-09,0.497853939854205,0.252150665914399,0.249995394231395,0.249995394231396,0.24785854562281,0.999999993846662
7.97633906792928e-09,0.497793331843569,0.252211537740712,0.249995130415719,0.249995130415719,0.24779820142785,0.999999993674346
8.20026061993413e-09,0.497731001722478,0.252274146836261,0.249994851441261,0.249994851441261,0.247736150281217,0.999999993497217
8.43046837178897e-09,0.497666899962877,0.252338543604248,0.249994556432875,0.249994556432875,0.247672343530002,0.999999993315141
8.66713879738922e-09,0.497600975578329,0.252404779957139,0.249994244464533,0.249994244464533,0.247606731113796,0.999999993127982
8.9104533248215e-09,0.497533176079148,0.252472909364517,0.249993914556334,0.249993914556334,0.247539261522814,0.999999992935597
9.16059847544369e-09,0.497463447426052,0.252542986902608,0.24999356567134,0.24999356567134,0.247469881754712,0.999999992737843
9.41776600686954e-09,0.497391733982261,0.252615069305526,0.249993196712213,0.249993196712213,0.247398537270047,0.999999992534569
9.6821530599671e-09,0.497317978464007,0.252689215018331,0.249992806517662,0.249992806517662,0.247325171946344,0.999999992325624
9.95396230998424e-09,0.497242121889379,0.25276548425195,0.249992393858671,0.249992393858671,0.247249728030709,0.999999992110849
1.02334021219164e-08,0.497164103525445,0.252843939040058,0.249991957434497,0.249991957434497,0.247172146090947,0.999999991890083
1.05206867102362e-08,0.497083860833585,0.252924643297971,0.249991495868444,0.249991495868444,0.247092364965142,0.99999999166316
1.08160363031071e-08,0.497001329412976,0.253007662883667,0.249991007703357,0.249991007703357,0.247010321709618,0.99999999142991
1.1119677311207e-08,0.496916442942139,0.253093065660988,0.249990491396873,0.249990491396873,0.246925951545266,0.999999991190157
1.14318425012915e-08,0.496829133118495,0.253180921565144,0.249989945316361,0.249989945316361,0.246839187802134,0.999999990943722
1.17527711746295e-08,0.49673932959584,0.253271302670587,0.249989367733573,0.249989367733573,0.246749961862266,0.99999999069042
1.20827093504478e-08,0.496646959919655,0.25336428326138,0.249988756818965,0.249988756818965,0.246658203100689,0.999999990430062
1.24219099545262e-08,0.496551949460183,0.253459939904143,0.249988110635674,0.249988110635674,0.24656383882451,0.999999990162451
1.27706330130864e-08,0.496454221343169,0.253558351523704,0.249987427133127,0.249987427133127,0.246466794210043,0.999999989887388
1.31291458521247e-08,0.496353696378173,0.253659599481558,0.24998670414027,0.24998670414027,0.246366992237903,0.999999989604667
1.34977233023394e-08,0.496250292984366,0.253763767657258,0.249985939358376,0.249985939358376,0.246264353625991,0.999999989314077
1.38766479098131e-08,0.496143927113711,0.253870942532871,0.249985130353418,0.249985130353418,0.246158796760293,0.999999989015401
1.42662101526074e-08,0.496034512171403,0.25398121328062,0.249984274547976,0.249984274547976,0.246050237623427,0.999999988708416
1.46667086634397e-08,0.495921958933487,0.254094671853863,0.24998336921265,0.249983369212649,0.245938589720838,0.999999988392894
1.50784504586105e-08,0.495806175461512,0.25421141308155,0.249982411456938,0.249982411456938,0.245823764004574,0.999999988068599
1.55017511733577e-08,0.495687067014119,0.25433153476631,0.249981398219571,0.249981398219571,0.245705668794548,0.99999998773529
1.59369353038178e-08,0.495564535955427,0.254455137786341,0.249980326258232,0.249980326258232,0.245584209697195,0.999999987392719
1.63843364557798e-08,0.495438481660084,0.25458232620126,0.249979192138656,0.249979192138656,0.245459289521428,0.999999987040631
1.68442976004231e-08,0.49530880041485,0.254713207362097,0.249977992223053,0.249977992223053,0.245330808191797,0.999999986678767
1.73171713372335e-08,0.495175385316562,0.254847892025632,0.249976722657806,0.249976722657806,0.245198662658756,0.999999986306856
1.78033201643011e-08,0.495038126166327,0.254986494473254,0.249975379360418,0.249975379360419,0.245062746805909,0.999999985924625
1.83031167562061e-08,0.494896909359793,0.255129132634568,0.249973958005639,0.249973958005639,0.244922951354154,0.999999985531789
1.88169442497056e-08,0.494751617773313,0.255275928215961,0.249972454010726,0.249972454010726,0.244779163762587,0.99999998512806
1.93451965374404e-08,0.494602130645844,0.255427006834364,0.249970862519792,0.249970862519792,0.244631268126051,0.999999984713139
1.98882785698881e-08,0.494448323456388,0.255582498156447,0.249969178387166,0.249969178387166,0.244479145069222,0.999999984286719
2.04466066657912e-08,0.494290067796779,0.255742536043513,0.249967396159708,0.249967396159708,0.244322671637071,0.999999983848488
2.10206088313016e-08,0.49412723123962,0.255907258702358,0.249965510058022,0.249965510058022,0.244161721181598,0.999999983398123
2.16107250880838e-08,0.49395967720115,0.256076808842381,0.249963513956469,0.249963513956469,0.243996163244681,0.999999982935293
2.22174078106288e-08,0.493787264798823,0.256251333839251,0.249961401361926,0.249961401361926,0.243825863436898,0.999999982459659
2.28411220730383e-08,0.493609848703362,0.256430985905441,0.249959165391197,0.249959165391197,0.243650683312165,0.999999981970873
2.34823460055428e-08,0.493427278985034,0.256615922267981,0.249956798746986,0.249956798746986,0.243470480238048,0.999999981468577
2.41415711610302e-08,0.493239400953903,0.256806305353761,0.249954293692336,0.249954293692336,0.243285107261566,0.999999980952404
2.48193028918626e-08,0.493046054993768,0.257002302982787,0.249951642023444,0.249951642023445,0.243094412970324,0.999999980421979
2.55160607372719e-08,0.492847076389521,0.257204088569756,0.249948835040723,0.249948835040723,0.242898241348798,0.999999979876915
2.62323788216312e-08,0.492642295147598,0.257411841334395,0.249945863518006,0.249945863518006,0.242696431629592,0.999999979316817
2.69688062639069e-08,0.492431535809237,0.257625746520986,0.249942717669777,0.249942717669777,0.24248881813946,0.999999978741277
2.77259075986048e-08,0.492214617256179,0.257845995627555,0.249939387116265,0.249939387116265,0.242275230139914,0.99999997814988
2.85042632085343e-08,0.49199135250849,0.258072786645221,0.24993586084629,0.24993586084629,0.2420554916622,0.999999977542198
2.93044697697214e-08,0.491761548514108,0.25830632430821,0.249932127177682,0.249932127177682,0.241829421336425,0.999999976917794
3.01271407088116e-08,0.491525005929754,0.258546820355115,0.24992817371513,0.24992817371513,0.241596832214624,0.999999976276217
3.09729066733141e-08,0.49128151889278,0.258794493801961,0.249923987305259,0.249923987305259,0.241357531587521,0.999999975617007
3.18424160150466e-08,0.491030874783526,0.259049571227707,0.249919553988767,0.249919553988767,0.241111320794759,0.999999974939691
3.27363352871525e-08,0.490772853977751,0.259312287072843,0.249914858949406,0.249914858949406,0.240857995028345,0.999999974243786
3.36553497550709e-08,0.490507229588638,0.259582883951769,0.249909886459593,0.249909886459593,0.240597343129044,0.999999973528795
3.46001639218511e-08,0.490233767197892,0.259861612979693,0.249904619822415,0.249904619822415,0.240329147375477,0.999999972794209
3.55715020682138e-08,0.489952224575395,0.260148734114835,0.24989904130977,0.24989904130977,0.240053183265625,0.999999972039508
3.65701088077749e-08,0.489662351386858,0.260444516516754,0.249893132096388,0.249893132096388,0.23976921929047,0.999999971264156
3.75967496578547e-08,0.489363888888904,0.260749238921674,0.249886872189422,0.249886872189422,0.239477016699482,0.999999970467607
3.86522116263126e-08,0.489056569610938,0.261063190035752,0.24988024035331,0.24988024035331,0.239176329257629,0.9999999696493
3.97373038148561e-08,0.48874011702319,0.261386668947245,0.249873214029565,0.249873214029565,0.238866902993625,0.999999968808661
4.08528580392857e-08,0.488414245190218,0.261719985558648,0.249865769251134,0.249865769251134,0.238548475939084,0.999999967945102
4.19997294671531e-08,0.488078658409174,0.262063461039894,0.249857880550932,0.249857880550932,0.238220777858243,0.999999967058022
4.31787972733202e-08,0.487733050832068,0.262417428303796,0.249849520864135,0.249849520864135,0.237883529967933,0.999999966146803
4.43909653139217e-08,0.487377106071237,0.262782232504977,0.249840661423786,0.249840661423786,0.237536444647451,0.999999965210814
4.56371628192476e-08,0.487010496787179,0.263158231563609,0.249831271649212,0.249831271649212,0.237179225137967,0.999999964249412
4.6918345106078e-08,0.486632884257882,0.263545796715367,0.249821319026751,0.249821319026751,0.236811565231131,0.999999963261933
4.82354943100147e-08,0.486243917928705,0.263945313089094,0.249810768982202,0.249810768982201,0.236433148946503,0.999999962247703
4.95896201383721e-08,0.485843234941851,0.264357180313741,0.249799584744408,0.249799584744408,0.236043650197443,0.999999961206031
5.09817606442043e-08,0.485430459644406,0.264781813156284,0.24978772719931,0.24978772719931,0.235642732445097,0.999999960136209
5.24129830220606e-08,0.485005203073865,0.265219642192376,0.249775154733759,0.249775154733759,0.235230048340106,0.999999959037516
5.38843844260822e-08,0.484567062420016,0.265671114511647,0.249761823068337,0.249761823068337,0.234805239351679,0.999999957909213
5.5397092811064e-08,0.484115620462005,0.26613669445964,0.249747685078355,0.249747685078355,0.23436793538365,0.999999956750545
5.69522677971282e-08,0.483650444979329,0.266616864418531,0.249732690602141,0.249732690602141,0.233917754377188,0.999999955560742
5.85511015586724e-08,0.483171088135464,0.26711212562887,0.249716786235666,0.249716786235666,0.233454301899798,0.999999954339016
6.01948197382727e-08,0.482677085832762,0.267622999054769,0.249699915112468,0.249699915112468,0.232977170720294,0.999999953084564
6.18846823862438e-08,0.482167957037185,0.268150026295051,0.249682016667764,0.249682016667764,0.232485940369421,0.999999951796566
6.3621984926575e-08,0.481643203071401,0.268693770543069,0.24966302638553,0.24966302638553,0.231980176685871,0.999999950474185
6.54080591499826e-08,0.481102306874676,0.269254817598058,0.249642875527266,0.249642875527266,0.23145943134741,0.999999949116569
6.72442742348425e-08,0.480544732227948,0.269833776931028,0.249621490841024,0.249621490841024,0.230923241386924,0.999999947722847
6.91320377967813e-08,0.479969922942407,0.270431282808415,0.249598794249178,0.249598794249178,0.230371128693229,0.999999946292133
7.10727969677341e-08,0.47937730200982,0.271047995476873,0.249574702513307,0.249574702513307,0.229802599496513,0.999999944823524
7.30680395052951e-08,0.478766270712815,0.271684602412792,0.249549126874393,0.249549126874393,0.229217143838423,0.999999943316103
7.51192949332097e-08,0.478136207693238,0.272341819640327,0.249521972666435,0.249521972666435,0.228614235026803,0.999999941768932
7.72281357138864e-08,0.477486467976673,0.273020393121933,0.249493138901394,0.249493138901394,0.227993329075278,0.999999940181063
7.93961784538228e-08,0.47681638195116,0.273721100225611,0.24946251782323,0.249462517823229,0.22735386412793,0.999999938551528
8.16250851428724e-08,0.476125254298093,0.274444751273302,0.249429994428605,0.249429994428605,0.226695259869489,0.999999936879345
8.39165644283016e-08,0.475412362873261,0.275192191175089,0.24939544595165,0.24939544595165,0.226016916921611,0.999999935163519
8.62723729246145e-08,0.47467695753597,0.275964301154076,0.249358741309953,0.249358741309953,0.225318216226017,0.999999933403038
8.8694316560147e-08,0.473918258924188,0.276762000567085,0.249319740508727,0.249319740508727,0.224598518415462,0.999999931596878
9.11842519614656e-08,0.473135457173657,0.277586248826484,0.249278293999859,0.249278293999859,0.223857163173798,0.999999929744003
9.374408787663e-08,0.472327710578969,0.278438047428731,0.249234241992299,0.249234241992299,0.22309346858667,0.999999927843361
9.63757866384109e-08,0.471494144194662,0.279318442095394,0.249187413709944,0.249187413709944,0.222306730484717,0.999999925893894
9.90813656685867e-08,0.470633848374494,0.28022852503261,0.249137626592896,0.249137626592896,0.221496221781598,0.999999923894528
1.01862899024469e-07,0.469745877247208,0.281169437315142,0.24908468543765,0.24908468543765,0.220661191809558,0.999999921844186
1.04722518988844e-07,0.46882924712727,0.282142371401293,0.249028381471438,0.249028381471438,0.219800865655832,0.999999919741778
1.07662417704549e-07,0.467882934859344,0.283148573785077,0.248968491355579,0.248968491355579,0.218914443503765,0.999999917586211
1.10684848854941e-07,0.466905876095574,0.284189347792083,0.248904776112343,0.248904776112343,0.218001099983231,0.999999915376386
1.13792129391531e-07,0.465896963505145,0.285266056525446,0.248836979969408,0.248836979969409,0.217059983535737,0.9999999131112
1.16986641310131e-07,0.464855044916136,0.286380125968245,0.248764829115619,0.248764829115619,0.216090215800516,0.999999910789553
1.20270833476851e-07,0.463778921390247,0.287533048248461,0.248688030361292,0.248688030361292,0.215090891028955,0.999999908410342
1.23647223505371e-07,0.462667345231812,0.288726385072275,0.248606269695913,0.248606269695913,0.2140610755359,0.999999905972472
1.27118399686903e-07,0.461519017933376,0.289961771331014,0.24851921073561,0.24851921073561,0.212999807197765,0.999999903474853
1.30687022974335e-07,0.46033258806127,0.29124091888636,0.24842649305237,0.24842649305237,0.211906095008901,0.999999900916404
1.34355829022083e-07,0.459106649085949,0.292565620537552,0.248327730376499,0.248327730376499,0.21077891870945,0.99999989829606
1.38127630283201e-07,0.457839737163437,0.293937754173079,0.248222508663484,0.248222508663484,0.209617228499952,0.999999895612769
1.42005318165368e-07,0.45653032887616,0.295359287107876,0.248110384015963,0.248110384015963,0.208419944860197,0.999999892865506
1.45991865247398e-07,0.455176838943683,0.29683228060505,0.247990880451267,0.247990880451267,0.207185958492416,0.999999890053267
1.50090327557974e-07,0.453777617916512,0.298358894578787,0.247863487504701,0.247863487504701,0.205914130411812,0.999999887175081
1.54303846918356e-07,0.452330949869301,0.299941392472078,0.247727657658622,0.247727657658621,0.204603292210679,0.999999884230013
1.58635653350859e-07,0.450835050113417,0.301582146299218,0.247582803587365,0.247582803587365,0.203252246526052,0.99999988121717
1.63089067554933e-07,0.449288062953173,0.303283641838571,0.247428295208257,0.247428295208257,0.201859767744916,0.999999878135709
1.6766750345277e-07,0.447688059514976,0.305048483955667,0.247263456529357,0.247263456529357,0.200424602985619,0.999999874984841
1.72374470806362e-07,0.446033035684511,0.306879402030163,0.247087562285326,0.247087562285326,0.198945473399186,0.999999871763842
1.77213577908036e-07,0.44432091019376,0.308779255452389,0.246899834353851,0.246899834353851,0.197421075839909,0.999999868472061
1.82188534346517e-07,0.442549522907431,0.310751039145884,0.246699437946684,0.246699437946684,0.195850084960747,0.999999865108927
1.87303153850643e-07,0.440716633367283,0.312797889061291,0.246485477571426,0.246485477571426,0.194231155795856,0.999999861673962
1.9256135721292e-07,0.438819919662982,0.314923087573951,0.246256992763068,0.246256992763068,0.192562926899914,0.99999985816679
1.97967175295133e-07,0.436856977709752,0.317130068702266,0.246012953587981,0.246012953587981,0.190844024121771,0.999999854587147
2.03524752118358e-07,0.434825321026136,0.319422423046069,0.245752255927796,0.245752255927796,0.18907306509834,0.999999850934899
2.09238348039698e-07,0.432722381119943,0.32180390232351,0.245473716556547,0.245473716556547,0.187248664563396,0.999999847210051
2.15112343018217e-07,0.430545508606894,0.324278423361155,0.24517606803195,0.24517606803195,0.185369440574944,0.999999843412761
2.21151239972549e-07,0.428291975204625,0.326850071364582,0.244857953430792,0.244857953430792,0.183434021773833,0.999999839543361
2.27359668232772e-07,0.425958976764642,0.329523102265726,0.244517920969632,0.244517920969632,0.18144105579501,0.999999835602367
2.33742387089181e-07,0.423543637526325,0.332301943908181,0.244154418565494,0.244154418565494,0.179389218960831,0.9999998315905
2.40304289440697e-07,0.421043015799991,0.33519119579262,0.243765788407389,0.243765788407389,0.177277227392602,0.999999827508706
2.47050405545683e-07,0.418454111309928,0.338195627061476,0.243350261628596,0.243350261628596,0.175103849681331,0.999999823358172
2.53985906878073e-07,0.415773874452651,0.341320172355318,0.242905953192031,0.242905953192031,0.17286792126062,0.999999819140348
2.61116110091746e-07,0.412999217749507,0.344569925123578,0.242430857126915,0.242430857126915,0.170568360622592,0.99999981485697
2.68446481096197e-07,0.410127029794991,0.347950127920451,0.241922842284559,0.241922842284559,0.168204187510432,0.999999810510077
2.75982639246618e-07,0.407154192021203,0.351466159164422,0.241379648814375,0.241379648814375,0.165774543206827,0.999999806102037
2.83730361651621e-07,0.404077598612615,0.355123515789312,0.240798885598073,0.240798885598073,0.163278713014541,0.999999801635569
2.91695587601879e-07,0.40089417991123,0.358927791168885,0.240178028919885,0.240178028919885,0.160716150991345,0.99999979711376
2.99884423123102e-07,0.397600929647045,0.362884647660223,0.239514422692731,0.239514422692731,0.158086506954314,0.999999792540093
3.08303145656828e-07,0.394194936308714,0.366999783088188,0.238805280603098,0.238805280603098,0.155389655705616,0.999999787918459
3.16958208872612e-07,0.390673418929991,0.371278890491037,0.238047690578971,0.238047690578971,0.15262572835102,0.999999783253183
3.25856247615323e-07,0.387033767504098,0.375727610473185,0.237238622022717,0.237238622022717,0.14979514548138,0.99999977854903
3.35004082991314e-07,0.383273588145372,0.380351475574092,0.236374936280537,0.236374936280537,0.146898651864835,0.999999773811225
3.44408727597382e-07,0.379390752990326,0.38515584617221,0.235453400837464,0.235453400837464,0.143937352152861,0.999999769045452
3.54077390896527e-07,0.375383454664088,0.390145837609747,0.234470707726165,0.234470707726165,0.140912746937922,0.999999764257861
3.64017484744614e-07,0.371250264929813,0.395326238457581,0.233423496612606,0.233423496612606,0.137826768317207,0.999999759455064
3.74236629072198e-07,0.366990196887082,0.400701420147918,0.232308382965,0.232308382965,0.134681813922083,0.999999754644118
3.84742657725851e-07,0.362602769792784,0.406275238589939,0.231121991617277,0.231121991617277,0.131480778175508,0.999999749832503
3.9554362447347e-07,0.358088075251244,0.412050928850485,0.229860995898271,0.229860995898271,0.128227079352973,0.999999745028097
4.06647809178186e-07,0.353446843171752,0.418030994519901,0.228522162308347,0.228522162308346,0.124924680863406,0.99999974023913
4.18063724145576e-07,0.348680505540002,0.424217093975474,0.227102400484524,0.227102400484524,0.121578105055478,0.99999973547413
4.2980012064908e-07,0.343791255720818,0.430609926373054,0.225598817906128,0.225598817906128,0.118192437814691,0.999999730741862
4.41865995638594e-07,0.338782100735044,0.437209120801103,0.224008778463853,0.224008778463853,0.114773322271191,0.999999726051251
4.54270598637404e-07,0.333656903770004,0.44401313256881,0.222329963661186,0.222329963661186,0.111326940108818,0.999999721411294
4.67023438832733e-07,0.328420414129061,0.451019151010373,0.220560434860566,0.220560434860566,0.107859979268496,0.999999716830967
4.80134292365345e-07,0.323078281936838,0.458223023406517,0.218698694656645,0.218698694656645,0.104379587280194,0.999999712319122
4.93613209823792e-07,0.317637055220257,0.465619199590463,0.21674374518928,0.21674374518928,0.100893310030977,0.999999707884377
5.07470523949047e-07,0.312104157494983,0.473200701469751,0.214695141035265,0.214695141035265,0.0974090164597177,0.999999703535006
5.21716857555435e-07,0.306487844696165,0.480959121030523,0.212553034273312,0.212553034273312,0.0939348104228532,0.999999699278833
5.36363131673925e-07,0.300797141172652,0.48888464940039,0.210318209426958,0.210318209426958,0.0904789317456941,0.999999695123125
5.5142057392403e-07,0.295041755462548,0.496966138269761,0.207992106267691,0.207992106267691,0.0870496491948571,0.999999691074498
5.66900727120743e-07,0.289231977612016,0.505191193486159,0.205576828901825,0.205576828901825,0.0836551487101908,0.999999687138835
5.82815458123084e-07,0.283378560801967,0.513546299050927,0.203075140147106,0.203075140147106,0.0803034206548612,0.999999683321218
5.99176966931061e-07,0.277492590918795,0.522016968192684,0.200490440888521,0.200490440888521,0.0770021500302733,0.999999679625877
6.15997796038017e-07,0.271585348364046,0.530587916802713,0.197826734833241,0.197826734833241,0.0737586135308059,0.999999676056162
6.33290840045511e-07,0.265668166782345,0.539243253417197,0.195088579800458,0.195088579800458,0.0705795869818876,0.999999672614527
6.51069355548147e-07,0.259752293463924,0.547966679214023,0.192281027322053,0.192281027322053,0.0674712661418704,0.999999669302544
6.69346971295867e-07,0.253848755947831,0.556741691210437,0.189409552841732,0.189409552841732,0.0644392031060982,0.999999666120925
6.88137698641567e-07,0.247968238846191,0.565551782007739,0.186479979146071,0.186479979146071,0.0614882597001201,0.999999663069569
7.07455942281988e-07,0.242120974187341,0.574380629990393,0.183498395822266,0.183498395822266,0.0586225783650746,0.999999660147615
7.27316511300145e-07,0.236316647711629,0.583212274772504,0.180471077515867,0.180471077515867,0.0558455701957619,0.999999657353513
7.47734630517758e-07,0.230564322629839,0.592031273793398,0.177404403576763,0.177404403576763,0.0531599190530754,0.999999654685094
7.68725952166374e-07,0.22487238144795,0.600822837185879,0.17430478136617,0.17430478136617,0.0505676000817798,0.999999652139654
7.90306567886135e-07,0.219248485637959,0.609572939270356,0.171178575091685,0.171178575091685,0.0480699105462738,0.999999649714032
8.12493021061405e-07,0.213699552239735,0.618268406175926,0.16803204158434,0.16803204158434,0.045667510655395,0.999999647404692
8.35302319502679e-07,0.208231745940525,0.626896980089262,0.164871273970213,0.164871273970213,0.0433604719703121,0.9999996452078
8.58751948484518e-07,0.202850484805301,0.635447361442315,0.161702153752384,0.161702153752384,0.0411483310529165,0.999999643119295
8.82859884149515e-07,0.197560457615672,0.643909230953436,0.158530311430891,0.158530311430891,0.039030146184781,0.999999641134957
9.07644607288536e-07,0.192365650699427,0.65227325383658,0.155361095463993,0.155361095463993,0.0370045552354337,0.999999639250467
9.33125117507824e-07,0.187269382171753,0.660531068708181,0.152199549120066,0.152199549120066,0.035069833051687,0.99999963746146
9.59320947793823e-07,0.182274341635322,0.668675263778914,0.149050394585763,0.149050394585763,0.0332239470495592,0.999999635763569
9.86252179486878e-07,0.177382633572342,0.676699342850277,0.145918023577381,0.145918023577381,0.0314646099949617,0.99999963415247
1.01393945767529e-06,0.172595822883009,0.684597683476796,0.142806493640195,0.142806493640195,0.0297893292428144,0.999999632623907
1.04240400702156e-06,0.167914981261062,0.692365489434137,0.139719529304801,0.139719529304801,0.0281954519562611,0.999999631173723
1.07166764803286e-06,0.163340733332418,0.699998739377881,0.136660527289701,0.136660527289701,0.0266802060427169,0.999999629797879
1.10175281378839e-06,0.158873301705649,0.707494133308667,0.133632564985684,0.133632564985684,0.0252407367199653,0.999999628492473
1.13268256713615e-06,0.154512550285843,0.714849038192982,0.130638411521175,0.130638411521175,0.023874138764668,0.999999627253746
1.16448061837269e-06,0.150258025381886,0.722061433836752,0.127680540781362,0.127680540781362,0.0225774846005234,0.999999626078096
1.19717134341897e-06,0.146108994289832,0.729129859878437,0.124761145831731,0.124761145831731,0.0213478484581005,0.999999624962078
1.23077980250667e-06,0.142064481161961,0.736053364563785,0.121882154274253,0.121882154274253,0.0201823268877076,0.999999623902411
1.26533175938894e-06,0.138123300073945,0.742831455787281,0.119045244138774,0.119045244138774,0.0190780559351708,0.999999622895974
1.30085370109057e-06,0.134284085283491,0.749464054735484,0.116251859981025,0.116251859981025,0.0180322253024656,0.999999621939803
1.3373728582125e-06,0.130545318735673,0.755951452343315,0.113503228921011,0.113503228921011,0.0170420898146622,0.999999621031095
1.37491722580642e-06,0.126905354915622,0.762294268673718,0.110800376410661,0.110800376410661,0.0161049785049609,0.999999620167196
1.4135155848354e-06,0.123362443181116,0.76849341525129,0.108144141567593,0.108144141567594,0.015218301613523,0.999999619345601
1.4531975242369e-06,0.11991474772843,0.774550060318729,0.105535191952841,0.105535191952841,0.0143795557755889,0.999999618563944
1.49399346360526e-06,0.116560365356684,0.780465596938443,0.102974037704874,0.102974037704874,0.0135863276518098,0.99999961782
1.5359346765109e-06,0.113297341201077,0.786241613827999,0.100461044970924,0.100461044970924,0.0128362962301531,0.999999617111668
1.57905331447418e-06,0.110123682605191,0.791879868794801,0.097996448600008,0.097996448600008,0.0121272340051829,0.999999616436973
1.62338243161228e-06,0.107037371298571,0.79738226462053,0.0955803640808985,0.0955803640808985,0.0114570072176725,0.999999615794057
1.66895600997803e-06,0.104036374039084,0.802750827237699,0.0932127987232177,0.0932127987232176,0.010823575315866,0.999999615181171
1.71580898561001e-06,0.10111865187099,0.807987686037581,0.0908936620914292,0.0908936620914292,0.0102249897795606,0.999999614596673
1.76397727531405e-06,0.0982821681400022,0.813095056149702,0.0886227757102958,0.0886227757102957,0.00965939242970649,0.999999614039017
1.8134978041965e-06,0.0955248953963373,0.818075222536791,0.086399882066872,0.0863998820668721,0.00912501332946523,0.999999613506752
1.86440853397049e-06,0.0928448213063262,0.822930525754981,0.0842246529386924,0.0842246529386924,0.00862016836763376,0.999999612998512
1.91674849205681e-06,0.0902399536828337,0.827663349236287,0.0820966970808795,0.0820966970808795,0.00814325660195421,0.999999612513016
1.9705578015018e-06,0.0877083247347414,0.832276107958524,0.080015567306735,0.080015567306735,0.00769275742800641,0.999999612049056
2.02587771173502e-06,0.085247994626241,0.836771238376518,0.0779807669972412,0.0779807669972412,0.00726722762899982,0.999999611605499
2.08275063019052e-06,0.0828570544277387,0.841151189497246,0.0759917560750154,0.0759917560750153,0.00686529835272334,0.999999611181281
2.14122015481573e-06,0.0805336285318501,0.84541841499035,0.0740479564778002,0.0740479564778003,0.00648567205404987,0.999999610775397
2.20133110749303e-06,0.0782758766002771,0.849575366234045,0.0721487571656776,0.0721487571656777,0.00612711943459943,0.999999610386905
2.26312956839953e-06,0.0760819951003214,0.853624486204684,0.0702935186949942,0.0702935186949942,0.00578847640532721,0.999999610014918
2.32666291133146e-06,0.0739502184833685,0.857568204126067,0.0684815773905645,0.0684815773905645,0.00546864109280398,0.9999996096586
2.39197984002024e-06,0.0718788200518551,0.861408930801988,0.0667122491461568,0.0667122491461568,0.00516657090569828,0.999999609317165
2.45913042546804e-06,0.0698661125559802,0.865149054562396,0.0649848328816241,0.0649848328816242,0.00488127967435611,0.999999608989873
2.5281661443315e-06,0.0679104485566866,0.868790937759949,0.063298613683364,0.063298613683364,0.0046118348733226,0.999999608676024
2.59913991838293e-06,0.0660102205871992,0.872336913759687,0.0616528656531141,0.0616528656531141,0.00435735493408508,0.999999608374962
2.67210615507944e-06,0.0641638611416065,0.875789284369958,0.0600468544884354,0.0600468544884354,0.00411700665317113,0.999999608086066
2.74712078927081e-06,0.0623698425155889,0.879150317667775,0.0584798398166365,0.0584798398166366,0.00389000269895239,0.99999960780875
2.82424132607844e-06,0.0606266765213697,0.882422246176289,0.0569510773023411,0.0569510773023411,0.00367559921902863,0.999999607542463
2.90352688497781e-06,0.05893291409629,0.885607265356278,0.055459820547432,0.055459820547432,0.00347309354885798,0.999999607286682
2.98503824511873e-06,0.0572871448220179,0.888707532377277,0.0540053228007047,0.0540053228007047,0.00328182202131323,0.999999607040916
3.06883789191764e-06,0.0556879963692939,0.891725165137463,0.0525868384932431,0.0525868384932432,0.00310115787605078,0.999999606804698
3.15499006495809e-06,0.0541341338812418,0.894662241504463,0.0512036246142947,0.0512036246142947,0.00293050926694704,0.99999960657759
3.24356080723581e-06,0.0526242593066219,0.897520798752118,0.0498549419412606,0.0498549419412606,0.00276931736536124,0.999999606359174
3.33461801578637e-06,0.0511571106929393,0.900302833170725,0.048540056136336,0.048540056136336,0.00261705455660333,0.999999606149057
3.42823149373397e-06,0.0497314614480344,0.903010299830632,0.0472582387213338,0.0472582387213338,0.00247322272670058,0.999999605946867
3.52447300380159e-06,0.048346119577639,0.905645112481074,0.0460087679412871,0.0460087679412871,0.00233735163635184,0.999999605752249
3.62341632332315e-06,0.0469999269053887,0.908209143568043,0.0447909295265684,0.0447909295265684,0.00220899737882031,0.999999605564871
3.72513730080021e-06,0.0456917582808914,0.910704224356649,0.0436040173624596,0.0436040173624596,0.0020877409184318,0.999999605384414
3.82971391404628e-06,0.0444205207806817,0.913132145144944,0.0424473340743747,0.0424473340743746,0.00197318670630703,0.999999605210578
3.93722632996347e-06,0.0431851529062094,0.915494655557536,0.0413201915362551,0.0413201915362551,0.00186496136995437,0.999999605043079
4.04775696599732e-06,0.0419846237824091,0.917793464908559,0.0402219113090324,0.0402219113090324,0.00176271247337675,0.999999604881644
4.16139055331671e-06,0.0408179323598767,0.920030242624644,0.0391518250154793,0.0391518250154793,0.00166610734439741,0.999999604726018
4.27821420176762e-06,0.0396841066232158,0.922206618719547,0.0381092746572374,0.0381092746572374,0.00157483196597836,0.999999604575957
4.39831746665023e-06,0.0385822028077177,0.924324184312954,0.0370936128793283,0.0370936128793283,0.00148858992838942,0.999999604431227
4.5217924173707e-06,0.0375113046261828,0.926384492186814,0.0361042031870031,0.0361042031870031,0.00140710143917971,0.999999604291609
4.64873370802026e-06,0.0364705225073876,0.928389057373231,0.0351404201193814,0.0351404201193815,0.00133010238800612,0.999999604156892
4.7792386499356e-06,0.0354589928474298,0.930339357768621,0.034201649383949,0.034201649383949,0.00125734346348076,0.999999604026878
4.91340728629636e-06,0.0344758772749534,0.932236834769404,0.0332872879556428,0.0332872879556427,0.00118858931931064,0.999999603901375
5.05134246881677e-06,0.0335203619310498,0.934082893925016,0.032396744143934,0.0323967441439339,0.00112361778711579,0.999999603780204
5.19314993659021e-06,0.0325916567644556,0.935878905604514,0.0315294376310303,0.0315294376310303,0.00106221913342532,0.999999603663191
