1e-09,0.499843603378696,0.250156421112477,0.249999975508827,0.249999975508827,0.249843627869869,0.999999999062578
1.02807322383086e-09,0.499839208583759,0.250160817302268,0.249999974113973,0.249999974113973,0.249839234469787,0.999999999036264
1.05693455355799e-09,0.499834690171203,0.250165337189187,0.249999972639609,0.249999972639609,0.249834717531594,0.999999999009211
1.0866061138546e-09,0.499830044656905,0.250169984261894,0.249999971081202,0.249999971081202,0.249830073575703,0.999999998981399
1.11711065050482e-09,0.499825268458143,0.250174762107903,0.249999969433954,0.249999969433954,0.249825299024188,0.999999998952807
1.14847154784029e-09,0.499820357890786,0.250179674416417,0.249999967692797,0.249999967692797,0.249820390197989,0.999999998923411
1.18071284666619e-09,0.4998153091664,0.250184724981228,0.249999965852371,0.249999965852371,0.249815343314029,0.999999998893191
1.21385926269063e-09,0.499810118389266,0.250189917703722,0.249999963907012,0.249999963907012,0.249810154482254,0.999999998862122
1.24793620547131e-09,0.499804781553317,0.250195256595954,0.24999996185073,0.24999996185073,0.249804819702587,0.999999998830182
1.28296979789415e-09,0.499799294538984,0.250200745783823,0.249999959677193,0.249999959677193,0.249799334861791,0.999999998797345
1.31898689619867e-09,0.499793653109951,0.25020638951034,0.249999957379709,0.249999957379709,0.249793695730243,0.999999998763586
1.35601511056563e-09,0.499787852909814,0.250212192138985,0.249999954951201,0.249999954951201,0.249787897958613,0.99999999872888
1.39408282628258e-09,0.499781889458641,0.25021815815717,0.249999952384189,0.249999952384189,0.249781937074452,0.9999999986932
1.43321922550358e-09,0.499775758149438,0.250224292179797,0.249999949670764,0.249999949670764,0.249775808478674,0.999999998656518
1.47345430961984e-09,0.499769454244506,0.250230598952928,0.249999946802567,0.249999946802567,0.249769507441939,0.999999998618807
1.51481892225835e-09,0.49976297287169,0.250237083357553,0.249999943770758,0.249999943770757,0.249763029100932,0.999999998580037
1.55734477292614e-09,0.499756309020527,0.250243750413481,0.249999940565992,0.249999940565992,0.249756368454534,0.999999998540179
1.60106446131832e-09,0.499749457538271,0.250250605283338,0.249999937178392,0.249999937178391,0.249749520359879,0.999999998499203
1.64601150230855e-09,0.499742413125808,0.250257653276681,0.249999933597511,0.249999933597511,0.249742479528296,0.999999998457076
1.69222035164104e-09,0.499735170333447,0.250264899854243,0.24999992981231,0.24999992981231,0.249735240521137,0.999999998413768
1.7397264323438e-09,0.499727723556592,0.250272350632295,0.249999925811113,0.249999925811113,0.249727797745479,0.999999998369243
1.78856616188346e-09,0.49972006703128,0.250280011387143,0.249999921581578,0.249999921581578,0.249720145449702,0.99999999832347
1.83877698008233e-09,0.499712194829591,0.250287888059753,0.249999917110656,0.249999917110656,0.249712277718935,0.999999998276411
1.89039737781922e-09,0.499704100854926,0.250295986760523,0.249999912384551,0.249999912384551,0.249704188470375,0.999999998228032
1.94346692653602e-09,0.499695778837139,0.250304313774184,0.249999907388677,0.249999907388677,0.249695871448462,0.999999998178296
1.99802630857255e-09,0.499687222327527,0.250312875564862,0.249999902107611,0.249999902107611,0.249687320219915,0.999999998127163
2.05411734835306e-09,0.499678424693672,0.250321678781279,0.249999896525049,0.249999896525049,0.249678528168624,0.999999998074595
2.11178304444824e-09,0.499669379114135,0.250330730262116,0.249999890623749,0.249999890623749,0.249669488490385,0.999999998020553
2.17106760253726e-09,0.499660078572978,0.250340037041537,0.249999884385485,0.249999884385485,0.249660194187493,0.999999997964994
2.23201646929523e-09,0.49965051585414,0.250349606354876,0.249999877790984,0.249999877790984,0.249650638063156,0.999999997907875
2.29467636723194e-09,0.499640683535632,0.250359445644501,0.249999870819867,0.249999870819867,0.249640812715765,0.999999997849154
2.35909533050864e-09,0.499630573983567,0.250369562565846,0.249999863450588,0.249999863450588,0.249630710532979,0.999999997788784
2.42532274176036e-09,0.499620179346005,0.250379964993631,0.249999855660364,0.249999855660364,0.24962032368564,0.999999997726721
2.49340936995188e-09,0.499609491546619,0.250390661028274,0.249999847425107,0.249999847425107,0.249609644121512,0.999999997662916
2.56340740929651e-09,0.499598502278167,0.250401659002489,0.249999838719344,0.249999838719344,0.249598663558823,0.999999997597321
2.63537051926739e-09,0.499587202995768,0.250412967488089,0.249999829516142,0.249999829516142,0.249587373479626,0.999999997529885
2.70935386573205e-09,0.499575584909979,0.250424595303001,0.24999981978702,0.24999981978702,0.249575765122958,0.999999997460556
2.78541416324176e-09,0.499563638979654,0.250436551518482,0.249999809501864,0.249999809501864,0.24956382947779,0.999999997389283
2.86360971850811e-09,0.499551355904602,0.250448845466571,0.249999798628827,0.249999798628827,0.249551557275775,0.999999997316009
2.94400047510004e-09,0.499538726118005,0.250461486747759,0.249999787134236,0.249999787134236,0.249538938983769,0.99999999724068
3.0266480593957e-09,0.499525739778618,0.250474485238902,0.24999977498248,0.24999977498248,0.249525964796138,0.999999997163236
3.11161582782436e-09,0.499512386762729,0.250487851101368,0.249999762135903,0.249999762135903,0.249512624626825,0.99999999708362
3.19896891543454e-09,0.499498656655868,0.250501594789449,0.249999748554683,0.249999748554683,0.249498908101184,0.99999999700177
3.28877428582551e-09,0.499484538744271,0.250515727059021,0.249999734196708,0.249999734196708,0.249484804547563,0.999999996917623
3.38110078248068e-09,0.499470022006079,0.250530258976479,0.249999719017443,0.249999719017443,0.249470302988636,0.999999996831116
3.47601918154197e-09,0.49945509510226,0.25054520192795,0.24999970296979,0.24999970296979,0.24945539213247,0.999999996742181
3.57360224606578e-09,0.499439746367266,0.250560567628792,0.249999686003942,0.249999686003942,0.249440060363324,0.999999996650751
3.67392478180208e-09,0.499423963799387,0.250576368133392,0.249999668067221,0.249999668067221,0.249424295732166,0.999999996556755
3.77706369453937e-09,0.499407735050818,0.250592615845264,0.249999649103917,0.249999649103917,0.249408085946901,0.999999996460123
3.88309804905961e-09,0.499391047417411,0.250609323527479,0.24999962905511,0.24999962905511,0.249391418362301,0.99999999636078
3.99210912974805e-09,0.49937388782811,0.250626504313407,0.249999607858483,0.249999607858483,0.249374279969628,0.99999999625865
4.10418050290471e-09,0.49935624283406,0.250644171717814,0.249999585448126,0.249999585448126,0.249356657385934,0.999999996153654
4.21939808080502e-09,0.499338098597371,0.2506623396483,0.249999561754328,0.249999561754328,0.249338536843043,0.999999996045714
4.33785018755898e-09,0.499319440879535,0.250681022417108,0.249999536703357,0.249999536703357,0.249319904176178,0.999999995934745
4.45962762681909e-09,0.499300255029473,0.250700234753304,0.249999510217223,0.249999510217223,0.24930074481225,0.999999995820663
4.58482375138911e-09,0.499280525971211,0.250719991815355,0.249999482213434,0.249999482213434,0.249281043757777,0.99999999570338
4.71353453478692e-09,0.499260238191165,0.250740309204103,0.249999452604733,0.249999452604733,0.249260785586432,0.999999995582809
4.8458586448165e-09,0.499239375725019,0.250761202976162,0.249999421298819,0.249999421298819,0.2492399544262,0.999999995458855
4.98189751920517e-09,0.499217922144194,0.250782689657749,0.249999388198057,0.249999388198057,0.249218533946137,0.999999995331424
5.12175544336424e-09,0.499195860541877,0.250804786258961,0.249999353199163,0.249999353199163,0.249196507342714,0.999999995200418
5.26553963033276e-09,0.499173173518607,0.250827510288515,0.249999316192878,0.249999316192878,0.249173857325729,0.999999995065739
5.41336030296538e-09,0.499149843167401,0.250850879768981,0.249999277063618,0.249999277063618,0.249150566103783,0.999999994927282
5.56533077842764e-09,0.499125851058395,0.250874913252501,0.249999235689104,0.249999235689104,0.249126615369291,0.999999994784941
5.72156755506324e-09,0.499101178222994,0.250899629837034,0.249999191939972,0.249999191939972,0.249101986283022,0.999999994638608
5.88219040169997e-09,0.499075805137506,0.250925049183135,0.249999145679359,0.249999145679359,0.249076659458148,0.999999994488172
6.04732244946265e-09,0.499049711706243,0.250951191531295,0.249999096762462,0.249999096762462,0.24905061494378,0.999999994333517
6.21709028616383e-09,0.499022877244068,0.250978077719854,0.249999045036077,0.249999045036077,0.249023832207991,0.999999994174524
6.39162405334401e-09,0.49899528045838,0.251005729203517,0.249998990338103,0.249998990338103,0.248996290120277,0.999999994011073
6.57105754603627e-09,0.498966899430491,0.251034168072489,0.24999893249702,0.24999893249702,0.248967966933471,0.999999993843038
6.75552831533164e-09,0.4989377115964,0.251063417072258,0.249998871331341,0.249998871331341,0.248938840265059,0.999999993670292
6.94517777382369e-09,0.498907693726927,0.251093499624051,0.249998806649022,0.249998806649022,0.248908887077905,0.999999993492702
7.14015130401339e-09,0.498876821907179,0.25112443984598,0.249998738246841,0.249998738246841,0.248878083660338,0.999999993310131
7.3405983697572e-09,0.498845071515339,0.251156262574918,0.249998665909743,0.249998665909743,0.248846405605595,0.999999993122443
7.5466726308439e-09,0.498812417200738,0.251188993389119,0.249998589410143,0.249998589410143,0.248813827790595,0.999999992929491
7.75853206078784e-09,0.498778832861188,0.25122265863163,0.249998508507182,0.249998508507182,0.248780324354006,0.999999992731131
7.97633906792928e-09,0.498744291619548,0.2512572854345,0.249998422945952,0.249998422945953,0.248745868673595,0.999999992527209
8.20026061993413e-09,0.498708765799494,0.251292901743846,0.24999833245666,0.24999833245666,0.248710433342834,0.99999999231757
8.43046837178897e-09,0.498672226900461,0.251329536345792,0.249998236753747,0.249998236753747,0.248673990146714,0.999999992102055
8.66713879738922e-09,0.498634645571724,0.251367218893316,0.24999813553496,0.24999813553496,0.248636510036764,0.999999991880499
8.9104533248215e-09,0.498595991585586,0.251405979934055,0.249998028480359,0.249998028480359,0.248597963105227,0.999999991652732
9.16059847544369e-09,0.498556233809639,0.251445850939092,0.249997915251268,0.249997915251268,0.248558318558371,0.999999991418581
9.41776600686954e-09,0.498515340178057,0.25148686433278,0.249997795489163,0.249997795489163,0.248517544688894,0.999999991177867
9.6821530599671e-09,0.498473277661883,0.251529053523627,0.24999766881449,0.24999766881449,0.248475608847392,0.999999990930406
9.95396230998424e-09,0.498430012238278,0.251572452936306,0.249997534825417,0.249997534825417,0.248432477412861,0.999999990676011
1.02334021219164e-08,0.498385508858676,0.251617098044825,0.249997393096499,0.249997393096499,0.248388115762177,0.999999990414487
1.05206867102362e-08,0.498339731415812,0.251663025406911,0.249997243177277,0.249997243177277,0.248342488238535,0.999999990145633
1.08160363031071e-08,0.498292642709571,0.251710272699652,0.249997084590778,0.249997084590778,0.248295558118793,0.999999989869247
1.1119677311207e-08,0.498244204411608,0.251758878756466,0.249996916831926,0.249996916831926,0.248247287579682,0.999999989585116
1.14318425012915e-08,0.498194377028697,0.251808883605438,0.249996739365865,0.249996739365865,0.248197637662832,0.999999989293025
1.17527711746295e-08,0.498143119864743,0.251860328509091,0.249996551626167,0.249996551626167,0.248146568238576,0.99999998899275
1.20827093504478e-08,0.498090390981409,0.251913256005658,0.249996353012933,0.249996353012933,0.248094037968476,0.999999988684063
1.24219099545262e-08,0.498036147157297,0.251967709951919,0.249996142890785,0.249996142890785,0.248040004266512,0.999999988366729
1.27706330130864e-08,0.49798034384562,0.252023735567661,0.249995920586719,0.249995920586719,0.247984423258901,0.999999988040506
1.31291458521247e-08,0.497922935130302,0.252081379481858,0.24999568538784,0.24999568538784,0.247927249742462,0.999999987705146
1.34977233023394e-08,0.497863873680435,0.252140689780618,0.249995436538947,0.249995436538947,0.247868437141488,0.999999987360394
1.38766479098131e-08,0.497803110703021,0.252201716057009,0.24999517323997,0.24999517323997,0.247807937463051,0.999999987005986
1.42662101526074e-08,0.497740595893928,0.252264509462825,0.249994894643247,0.249994894643247,0.247745701250682,0.999999986641654
1.46667086634397e-08,0.497676277386975,0.252329122762392,0.249994599850633,0.249994599850633,0.247681677536342,0.999999986267121
1.50784504586105e-08,0.49761010170106,0.252395610388514,0.249994287910426,0.249994287910426,0.247615813790634,0.9999999858821
1.55017511733577e-08,0.497542013685257,0.252464028500647,0.249993957814096,0.249993957814096,0.24754805587116,0.999999985486301
1.59369353038178e-08,0.497471956461764,0.252534435045419,0.249993608492817,0.249993608492817,0.247478347968948,0.999999985079421
1.63843364557798e-08,0.497399871366636,0.252606889819595,0.249993238813769,0.249993238813769,0.247406632552867,0.999999984661152
1.68442976004231e-08,0.497325697888163,0.252681454535622,0.249992847576215,0.249992847576215,0.247332850311947,0.999999984231176
1.73171713372335e-08,0.49724937360282,0.252758192889856,0.249992433507325,0.249992433507325,0.247256940095495,0.999999983789166
1.78033201643011e-08,0.497170834108647,0.252837170633625,0.249991995257728,0.249991995257728,0.247178838850919,0.999999983334786
1.83031167562061e-08,0.497090012955949,0.252918455647257,0.249991531396794,0.249991531396794,0.247098481559155,0.999999982867692
1.88169442497056e-08,0.497006841575191,0.253002118017213,0.249991040407596,0.249991040407596,0.247015801167595,0.99999998238753
1.93451965374404e-08,0.496921249201938,0.253088230116496,0.249990520681565,0.249990520681565,0.246930728520373,0.999999981893934
1.98882785698881e-08,0.496833162798718,0.253176866688497,0.249989970512785,0.249989970512785,0.246843192285933,0.999999981386531
2.04466066657912e-08,0.496742506973633,0.253268104934438,0.249989388091929,0.249989388091929,0.246753118881703,0.999999980864935
2.10206088313016e-08,0.496649203895574,0.253362024604628,0.249988771499799,0.249988771499799,0.246660432395775,0.999999980328753
2.16107250880838e-08,0.496553173205868,0.253458708093693,0.249988118700439,0.249988118700439,0.24656505450543,0.999999979777576
2.22174078106288e-08,0.49645433192617,0.253558240540024,0.249987427533806,0.249987427533806,0.246466904392365,0.999999979210989
2.28411220730383e-08,0.496352594362412,0.253660709929632,0.249986695707956,0.249986695707956,0.246365898654457,0.999999978628561
2.34823460055428e-08,0.496247872004612,0.253766207204675,0.249985920790712,0.249985920790712,0.2462619512139,0.999999978029853
2.41415711610302e-08,0.496140073422323,0.253874826376887,0.24998510020079,0.24998510020079,0.246154973221534,0.999999977414411
2.48193028918626e-08,0.496029104155498,0.253986664646182,0.249984231198321,0.249984231198321,0.246044872957177,0.999999976781771
2.55160607372719e-08,0.495914866600522,0.25410182252472,0.249983310874758,0.249983310874758,0.245931555725765,0.999999976131454
2.62323788216312e-08,0.495797259891172,0.254220403966732,0.249982336142095,0.249982336142095,0.245814923749077,0.999999975462968
2.69688062639069e-08,0.495676179774207,0.254342516504423,0.24998130372137,0.24998130372137,0.245694876052838,0.999999974775809
2.77259075986048e-08,0.495551518479319,0.254468271390301,0.24998021013038,0.24998021013038,0.245571308348939,0.999999974069459
2.85042632085343e-08,0.495423164583129,0.254597783746292,0.249979051670579,0.249979051670579,0.24544411291255,0.999999973343384
2.93044697697214e-08,0.495291002866896,0.254731172720033,0.249977824413071,0.249977824413071,0.245313178453825,0.999999972597038
3.01271407088116e-08,0.495154914167596,0.254868561648754,0.24997652418365,0.24997652418365,0.245178389983946,0.999999971829857
3.09729066733141e-08,0.495014775221991,0.2550100782312,0.249975146546809,0.249975146546809,0.245039628675182,0.999999971041266
3.18424160150466e-08,0.4948704585033,0.255155854708049,0.249973686788651,0.249973686788651,0.244896771714649,0.999999970230669
3.27363352871525e-08,0.494721832050034,0.255306028051363,0.249972139898603,0.249972139898603,0.244749692151432,0.999999969397457
3.36553497550709e-08,0.494568759286558,0.255460740163577,0.249970500549864,0.249970500549865,0.244598258736694,0.999999968541005
3.46001639218511e-08,0.494411098834883,0.255620138086635,0.249968763078481,0.249968763078481,0.244442335756402,0.999999967660668
3.55715020682138e-08,0.494248704317179,0.255784374221879,0.249966921460941,0.249966921460941,0.244281782856238,0.999999966755787
3.65701088077749e-08,0.494081424148454,0.25595360656136,0.249964969290187,0.249964969290187,0.244116454858267,0.999999965825681
3.75967496578547e-08,0.493909101318803,0.256127998931281,0.249962899749916,0.249962899749916,0.243946201568887,0.999999964869655
3.86522116263126e-08,0.493731573164604,0.256307721248354,0.249960705587042,0.249960705587042,0.243770867577562,0.999999963886993
3.97373038148561e-08,0.493548671127971,0.256492949789861,0.249958379082168,0.249958379082168,0.243590292045803,0.999999962876959
4.08528580392857e-08,0.493360220503739,0.256683867478341,0.249955912017921,0.249955912017921,0.243404308485818,0.999999961838798
4.19997294671531e-08,0.493166040173205,0.25688066418182,0.249953295644976,0.249953295644976,0.243212744528229,0.999999960771735
4.31787972733202e-08,0.492965942323782,0.25708353703063,0.249950520645588,0.249950520645588,0.243015421678194,0.999999959674974
4.43909653139217e-08,0.492759732153667,0.257292690751904,0.249947577094429,0.249947577094429,0.242812155059237,0.999999958547696
4.56371628192476e-08,0.492547207560549,0.257508338022936,0.249944454416514,0.249944454416515,0.242602753144035,0.999999957389062
4.6918345106078e-08,0.492328158813327,0.25773069984469,0.249941141341982,0.249941141341982,0.242387017471346,0.999999956198212
4.82354943100147e-08,0.492102368205703,0.257960005936832,0.249937625857465,0.249937625857465,0.242164742348237,0.999999954974258
4.95896201383721e-08,0.491869609690444,0.258196495155777,0.249933895153778,0.249933895153778,0.241935714536666,0.999999953716293
5.09817606442043e-08,0.491629648493024,0.25844041593737,0.249929935569605,0.249929935569605,0.241699712923419,0.999999952423385
5.24129830220606e-08,0.491382240703213,0.258692026765929,0.249925732530858,0.249925732530858,0.241456508172355,0.999999951094576
5.38843844260822e-08,0.491127132843116,0.258951596671549,0.249921270485335,0.249921270485335,0.241205862357781,0.999999949728883
5.5397092811064e-08,0.490864061410012,0.259219405757708,0.249916532832279,0.249916532832279,0.240947528577733,0.999999948325298
5.69522677971282e-08,0.490592752392218,0.259495745761386,0.249911501846396,0.249911501846396,0.240681250545822,0.999999946882786
5.85511015586724e-08,0.490312920756048,0.259780920648109,0.249906158595843,0.249906158595842,0.240406762160206,0.999999945400285
6.01948197382727e-08,0.490024269901801,0.26007524724453,0.249900482853669,0.249900482853669,0.240123787048132,0.999999943876706
6.18846823862438e-08,0.489726491086497,0.260379055911381,0.249894453002122,0.249894453002122,0.239832038084375,0.999999942310929
6.3621984926575e-08,0.489419262810931,0.260692691259898,0.24988804592917,0.24988804592917,0.239531216881761,0.999999940701809
6.54080591499826e-08,0.489102250168365,0.261016512915072,0.249881236916563,0.249881236916563,0.239221013251802,0.999999939048167
6.72442742348425e-08,0.488775104151968,0.26135089632941,0.249873999518622,0.249873999518622,0.238901104633345,0.999999937348798
6.91320377967813e-08,0.488437460917853,0.261696233651203,0.249866305430944,0.249866305430944,0.238571155486909,0.999999935602464
7.10727969677341e-08,0.488088941000279,0.262052934651677,0.249858124348044,0.249858124348044,0.238230816652234,0.999999933807896
7.30680395052951e-08,0.487729148475265,0.262421427715816,0.249849423808919,0.249849423808919,0.237879724666347,0.999999931963791
7.51192949332097e-08,0.487357670068545,0.262802160902084,0.249840169029371,0.249840169029371,0.237517501039174,0.999999930068817
7.72281357138864e-08,0.48697407420338,0.263195603076793,0.249830322719827,0.249830322719827,0.237143751483553,0.999999928121606
7.93961784538228e-08,0.486577909983361,0.263602245129409,0.24981984488723,0.24981984488723,0.236758065096132,0.999999926120756
8.16250851428724e-08,0.486168706104851,0.264022601275698,0.249808692619451,0.249808692619451,0.2363600134854,0.999999924064831
8.39165644283016e-08,0.485745969693198,0.264457210456322,0.249796819850479,0.249796819850479,0.235949149842719,0.99999992195236
8.62723729246145e-08,0.485309185056307,0.264906637839236,0.249784177104457,0.249784177104457,0.23552500795185,0.999999919781836
8.8694316560147e-08,0.48485781234849,0.265371476435105,0.249770711216405,0.249770711216405,0.235087101132085,0.999999917551716
9.11842519614656e-08,0.484391286136852,0.265852348835898,0.24975636502725,0.24975636502725,0.234634921109602,0.99999991526042
9.374408787663e-08,0.483909013861634,0.266349909087899,0.249741077050468,0.249741077050467,0.234167936811166,0.999999912906331
9.63757866384109e-08,0.483410374181117,0.26686484471153,0.249724781107353,0.249724781107353,0.233685593073765,0.999999910487793
9.90813656685867e-08,0.482894715190677,0.26739787888175,0.249707405927573,0.249707405927573,0.233187309263104,0.999999908003113
1.01862899024469e-07,0.482361352504492,0.267949772784258,0.249688874711251,0.249688874711251,0.232672477793241,0.99999990545056
1.04722518988844e-07,0.481809567187205,0.268521328164439,0.249669104648356,0.249669104648355,0.23214046253885,0.999999902828362
1.07662417704549e-07,0.481238603521453,0.269113390087853,0.249648006390694,0.249648006390694,0.231590597130759,0.999999900134712
1.10684848854941e-07,0.480647666595642,0.269726849933211,0.249625483471147,0.249625483471147,0.231022183124495,0.999999897367759
1.13792129391531e-07,0.480035919694629,0.270362648641198,0.249601431664173,0.249601431664173,0.230434488030456,0.999999894525616
1.16986641310131e-07,0.479402481474014,0.271021780245213,0.249575738280773,0.249575738280774,0.22982674319324,0.999999891606356
1.20270833476851e-07,0.478746422896559,0.27170529571316,0.249548281390281,0.249548281390281,0.229198141506278,0.999999888608013
1.23647223505371e-07,0.478066763906778,0.272414307132961,0.249518928960261,0.249518928960261,0.228547834946517,0.999999885528582
1.27118399686903e-07,0.477362469816934,0.273149992278376,0.24948753790469,0.24948753790469,0.227874931912243,0.999999882366021
1.30687022974335e-07,0.476632447374518,0.273913599596277,0.249453953029205,0.249453953029205,0.227178494345314,0.999999879118249
1.34355829022083e-07,0.475875540477697,0.274706453661639,0.249418005860664,0.249418005860664,0.226457534617034,0.99999987578315
1.38127630283201e-07,0.475090525501112,0.275529961152398,0.24937951334649,0.24937951334649,0.225711012154622,0.999999872358572
1.42005318165368e-07,0.474276106189803,0.276385617403043,0.249338276407153,0.249338276407154,0.22493782978265,0.999999868842328
1.45991865247398e-07,0.473430908073724,0.277275013603511,0.249294078322765,0.249294078322764,0.22413682975096,0.999999865232199
1.50090327557974e-07,0.472553472349291,0.278199844718768,0.249246682931941,0.249246682931941,0.22330678941735,0.999999861525936
1.54303846918356e-07,0.471642249167526,0.279161918214633,0.249195832617841,0.249195832617841,0.222446416549685,0.999999857721265
1.58635653350859e-07,0.470695590260474,0.280163163687087,0.249141246052439,0.249141246052439,0.221554344208035,0.999999853815881
1.63089067554933e-07,0.469711740828553,0.28120564350578,0.249082615665666,0.249082615665666,0.220629125162887,0.999999849807464
1.6766750345277e-07,0.46868883060115,0.282291564598048,0.249019604800802,0.249019604800802,0.219669225800348,0.999999845693673
1.72374470806362e-07,0.467624863970897,0.28342329151777,0.248951844511333,0.248951844511333,0.218673019459564,0.999999841472157
1.77213577908036e-07,0.466517709088398,0.28460336096432,0.248878929947282,0.248878929947282,0.217638779141116,0.999999837140558
1.82188534346517e-07,0.465365085788475,0.285834497941112,0.248800416270412,0.248800416270412,0.216564669518063,0.999999832696516
1.87303153850643e-07,0.464164552200902,0.287119633771473,0.248715814027624,0.248715814027624,0.215448738173278,0.999999828137684
1.9256135721292e-07,0.462913489877743,0.288461926222439,0.248624583899818,0.248624583899818,0.214288905977925,0.999999823461728
1.97967175295133e-07,0.461609087245409,0.289864782025355,0.248526130729236,0.248526130729236,0.213082956516173,0.999999818666342
2.03524752118358e-07,0.460248321161838,0.291331882126867,0.248419796711295,0.248419796711295,0.211828524450544,0.999999813749262
2.09238348039698e-07,0.458827936327348,0.292867210056069,0.248304853616583,0.248304853616583,0.210523082710765,0.999999808708277
2.15112343018217e-07,0.457344422261015,0.294475083854543,0.248180493884442,0.248180493884442,0.209163928376573,0.999999803541247
2.21151239972549e-07,0.455793987512361,0.296160192087225,0.248045820400414,0.248045820400414,0.207748167111947,0.999999798246125
2.27359668232772e-07,0.454172530729919,0.297927634535206,0.247899834734874,0.247899834734874,0.206272695995045,0.999999792820975
2.33742387089181e-07,0.452475608153367,0.299782968268471,0.247741423578162,0.247741423578162,0.204734184575205,0.999999787264001
2.40304289440697e-07,0.450698397033742,0.301732259909356,0.247569343056902,0.247569343056902,0.20312905397684,0.999999781573579
2.47050405545683e-07,0.448835654416541,0.30378214502819,0.247382200555269,0.247382200555269,0.201453453861272,0.999999775748293
2.53985906878073e-07,0.446881670645274,0.3059398957632,0.247178433591526,0.247178433591526,0.199703237053748,0.999999769786976
2.61116110091746e-07,0.444830216859223,0.308213497929045,0.246956285211731,0.246956285211731,0.197873931647492,0.999999763688761
2.68446481096197e-07,0.442674485670718,0.310611739073009,0.246713775256273,0.246713775256273,0.195960710414445,0.999999757453142
2.75982639246618e-07,0.440407024118312,0.313144309154183,0.246448666727505,0.246448666727505,0.193958357390806,0.999999751080041
2.83730361651621e-07,0.438019657910043,0.315821915754981,0.246158426334976,0.246158426334976,0.191861231575067,0.999999744569893
2.91695587601879e-07,0.435503405907785,0.318656415977098,0.245840178115117,0.245840178115117,0.189663227792668,0.99999973792374
2.99884423123102e-07,0.43284838377955,0.321660967408048,0.245490648812402,0.245490648812402,0.187357734967148,0.999999731143352
3.08303145656828e-07,0.430043695793762,0.324850200738133,0.245106103468105,0.245106103468105,0.184937592325657,0.999999724231362
3.16958208872612e-07,0.427077313898425,0.328240416707286,0.244682269394289,0.244682269394289,0.182395044504135,0.99999971719143
3.25856247615323e-07,0.423935943597692,0.331849809977187,0.24421424642512,0.24421424642512,0.179721697172572,0.999999710028442
3.35004082991314e-07,0.420604876829619,0.335698722111202,0.243696401059179,0.243696401059179,0.17690847577044,0.999999702748744
3.44408727597382e-07,0.417067833246416,0.339809924871355,0.243122241882229,0.243122241882229,0.173945591364186,0.999999695360418
3.54077390896527e-07,0.413306793279781,0.344208933144001,0.242484273576219,0.242484273576219,0.170822519703562,0.999999687873624
3.64017484744614e-07,0.409301829550074,0.34892434342205,0.241773827027876,0.241773827027876,0.167528002522198,0.999999680300988
3.74236629072198e-07,0.405030948146332,0.353988188049804,0.240980863803864,0.240980863803864,0.164050084342468,0.999999672658079
3.84742657725851e-07,0.400469958905641,0.35943628611811,0.24009375497625,0.24009375497625,0.160376203929391,0.999999664963956
3.9554362447347e-07,0.395592405186439,0.365308557189443,0.239099037624118,0.239099037624118,0.156493367562321,0.999999657241807
4.06647809178186e-07,0.390369600164649,0.371649241521947,0.237981158313403,0.237981158313403,0.152388441851246,0.999999649519671
4.18063724145576e-07,0.384770839868007,0.378506937211432,0.23672222292056,0.23672222292056,0.148048616947447,0.999999641831221
4.2980012064908e-07,0.378763893972373,0.385934317800299,0.235301788227328,0.235301788227327,0.143462105745046,0.999999634216586
4.41865995638594e-07,0.372315912877966,0.393987332241734,0.2336967548803,0.2336967548803,0.138619157997666,0.999999626723103
4.54270598637404e-07,0.365394928153603,0.40272361688676,0.231881454959637,0.231881454959637,0.133513473193966,0.999999619405874
4.67023438832733e-07,0.357972148143239,0.412199782896598,0.229828068960163,0.229828068960163,0.128144079183076,0.999999612327888
4.80134292365345e-07,0.350025231020234,0.422467221308265,0.227507547671501,0.227507547671501,0.122517683348733,0.999999605559381
4.93613209823792e-07,0.341542604232806,0.433566163688478,0.224891232078715,0.224891232078715,0.116651372154091,0.999999599176013
5.07470523949047e-07,0.332528631724242,0.445518049743504,0.221953318532253,0.221953318532253,0.110575313191989,0.999999593255439
5.21716857555435e-07,0.323008975331366,0.458316870349744,0.21867415431889,0.21867415431889,0.104334821012476,0.99999958787204
5.36363131673925e-07,0.313034926210924,0.47192103601665,0.215044037772426,0.215044037772426,0.0979908884384984,0.999999583090014
5.5142057392403e-07,0.302685055650321,0.486248155503089,0.21106678884659,0.21106678884659,0.0916182668037313,0.9999995789558
5.66900727120743e-07,0.292062669791607,0.501175287794859,0.206762042413534,0.206762042413534,0.0853006273780724,0.999999575491509
5.82815458123084e-07,0.281288553438825,0.516546168026445,0.20216527853473,0.20216527853473,0.0791232749040946,0.99999957269133
5.99176966931061e-07,0.27049013102909,0.532184673757993,0.197325195212917,0.197325195212917,0.0731649358161727,0.999999570522249
6.15997796038017e-07,0.259789610543393,0.547911445621144,0.192298943835464,0.192298943835464,0.0674906667079288,0.999999568929025
6.33290840045511e-07,0.2492940032533,0.563559518551232,0.187146478195468,0.187146478195468,0.0621475250578318,0.999999567841907
6.51069355548147e-07,0.239088955363653,0.578985642801931,0.181925401834416,0.181925401834416,0.0571635535292365,0.999999567184962
6.69346971295867e-07,0.229236777303841,0.594075970288498,0.176687252407661,0.176687252407661,0.0525495248961794,0.999999566883151
6.88137698641567e-07,0.21977780916252,0.608746691709857,0.171475499127623,0.171475499127623,0.0483023100348974,0.999999566867232
7.07455942281988e-07,0.210733752057254,0.622941234524857,0.166325013417889,0.166325013417889,0.044408738639365,0.999999567076426
7.27316511300145e-07,0.20211171321171,0.636625742276609,0.161262544511681,0.161262544511681,0.0408491687000287,0.999999567459296
7.47734630517758e-07,0.193908117078825,0.649784147452857,0.156307735468318,0.156307735468318,0.0376003816105062,0.999999567973465
7.68725952166374e-07,0.186112048670947,0.662413620685904,0.151474330643148,0.151474330643148,0.0346377180277991,0.999999568584696
7.90306567886135e-07,0.178707893350222,0.674520747412174,0.146771359237604,0.146771359237604,0.0319365341126184,0.999999569265722
8.12493021061405e-07,0.171677306280131,0.686118507477531,0.142204186242338,0.142204186242338,0.0294731200377934,0.999999569995061
8.35302319502679e-07,0.165000617994701,0.697223990059242,0.137775391946057,0.137775391946057,0.0272252260486441,0.999999570755923
8.58751948484518e-07,0.158657799272626,0.70785672038739,0.133485480339984,0.133485480339984,0.0251723189326423,0.999999571535279
8.82859884149515e-07,0.152629097904951,0.718037466924908,0.129333435170141,0.129333435170141,0.02329566273481,0.999999572323076
9.07644607288536e-07,0.146895439529717,0.727787411842942,0.125317148627341,0.125317148627341,0.0215782909023763,0.999999573111612
9.33125117507824e-07,0.141438663366627,0.737127589047425,0.121433747585948,0.121433747585948,0.0200049157806799,0.999999573895024
9.59320947793823e-07,0.136241645131645,0.746078515428468,0.117679839439886,0.117679839439886,0.0185618056917587,0.999999574668894
9.86252179486878e-07,0.131288344664724,0.754659959478339,0.114051695856937,0.114051695856937,0.0172366488077872,0.999999575429931
1.01393945767529e-06,0.126563804674453,0.762890806210136,0.110545389115411,0.110545389115411,0.0160184155590417,0.999999576175722
1.04240400702156e-06,0.122054118874445,0.770788988637234,0.107156892488321,0.107156892488321,0.0148972263861238,0.999999576904543
1.07166764803286e-06,0.117746381977708,0.778371464516982,0.10388215350531,0.10388215350531,0.0138642284723983,0.999999577615203
1.10175281378839e-06,0.113628629928368,0.785654223243768,0.100717146827864,0.100717146827864,0.0129114831005033,0.999999578306929
1.13268256713615e-06,0.109689775908106,0.792652312247741,0.0976579118441536,0.0976579118441535,0.0120318640639522,0.999999578979271
1.16448061837269e-06,0.105919545697142,0.799379875462699,0.0947005788401591,0.0947005788401591,0.0112189668569832,0.999999579632028
1.19717134341897e-06,0.102308414633204,0.805850198713195,0.0918413866536013,0.0918413866536013,0.0104670279796028,0.999999580265194
1.23077980250667e-06,0.0988475475080303,0.812075758493431,0.0890766939985388,0.0890766939985388,0.00977085350949148,0.999999580878908
1.26533175938894e-06,0.0955287421362411,0.818068271757067,0.0864029861066919,0.0864029861066918,0.00912575602954919,0.999999581473423
1.30085370109057e-06,0.092344376932486,0.823838745143923,0.0838168779235908,0.0838168779235908,0.00852749900889524,0.999999582049076
1.3373728582125e-06,0.0892873625747357,0.829397522634624,0.0813151147906399,0.08131511479064,0.0079722477840958,0.999999582606266
1.37491722580642e-06,0.08635109766932,0.834754331017635,0.0788945713130448,0.0788945713130448,0.0074565263562752,0.999999583145436
1.4135155848354e-06,0.0835294282357844,0.839918322824812,0.076552248939404,0.076552248939404,0.00697717929638045,0.999999583667062
1.4531975242369e-06,0.080816610775414,0.844898116577153,0.0742852726474332,0.0742852726474332,0.00653133812798085,0.999999584171637
1.49399346360526e-06,0.0782072786616504,0.849701834307228,0.0720908870311214,0.0720908870311214,0.00611639163052901,0.999999584659669
1.5359346765109e-06,0.0756964115835669,0.854337136406762,0.0699664520096711,0.0699664520096711,0.00572995957389588,0.999999585131668
1.57905331447418e-06,0.0732793077782214,0.858811253899895,0.067909438321884,0.067909438321884,0.00536986945633744,0.999999585588147
1.62338243161228e-06,0.0709515587994352,0.863131018273825,0.06591742292674,0.0659174229267399,0.00503413587269523,0.999999586029614
1.66895600997803e-06,0.0687090265862575,0.867302889015312,0.0639880843984302,0.0639880843984302,0.00472094218782735,0.999999586456569
1.71580898561001e-06,0.0665478226120118,0.871332979008459,0.0621191983795296,0.0621191983795295,0.00442862423248225,0.999999586869503
1.76397727531405e-06,0.0644642889130226,0.875227077949579,0.0603086331373981,0.0603086331373981,0.00415565577562453,0.999999587268898
1.8134978041965e-06,0.062454980814081,0.878990673931034,0.0585543452548847,0.0585543452548846,0.00390063555919635,0.99999958765522
1.86440853397049e-06,0.0605166511848628,0.882628973339292,0.0568543754758455,0.0568543754758456,0.00366227570901728,0.999999588028926
1.91674849205681e-06,0.0586462360776127,0.886146919204303,0.0552068447180841,0.0552068447180841,0.00343939135952851,0.999999588390456
1.9705578015018e-06,0.0568408416112806,0.889549208128296,0.0536099502604236,0.0536099502604236,0.00323089135085704,0.999999588740239
2.02587771173502e-06,0.0550977319809159,0.892840305912814,0.0520619621062702,0.0520619621062703,0.00303576987464566,0.999999589078687
2.08275063019052e-06,0.0534143184834861,0.896024461993673,0.0505612195228406,0.0505612195228406,0.00285309896064558,0.9999995894062
2.14122015481573e-06,0.0517881494624737,0.899105722784587,0.049106127752939,0.049106127752939,0.00268202170953472,0.999999589723163
2.20133110749303e-06,0.0502169010836495,0.902087944021794,0.0476951548945569,0.0476951548945568,0.0025217461890926,0.999999590029947
2.26312956839953e-06,0.0486983688634577,0.90497480219407,0.0463268289424728,0.0463268289424728,0.00237153992098484,0.999999590326911
2.32666291133146e-06,0.0472304598795214,0.907769805135156,0.0449997349853228,0.0449997349853228,0.00223072489419858,0.999999590614399
2.39197984002024e-06,0.0458111856000069,0.910476301848798,0.0437125125511954,0.0437125125511954,0.00209867304881151,0.999999590892742
2.45913042546804e-06,0.0444386552750396,0.91309749163035,0.0424638530946104,0.0424638530946105,0.00197480218042916,0.999999591162261
2.5281661443315e-06,0.0431110698391257,0.915636432543173,0.0412524976177017,0.0412524976177016,0.00185857222142408,0.999999591423263
2.59913991838293e-06,0.0418267162786805,0.918096049302812,0.0400772344185078,0.0400772344185078,0.00174948186017262,0.999999591676043
2.67210615507944e-06,0.0405839624233491,0.920479140617213,0.0389368969594382,0.0389368969594382,0.00164706546391085,0.999999591920887
2.74712078927081e-06,0.0393812521239126,0.922788386026881,0.0378303618492065,0.0378303618492065,0.00155089027470609,0.999999592158067
2.82424132607844e-06,0.0382171007832225,0.925026352284993,0.0367565469317844,0.0367565469317844,0.00146055385143807,0.999999592387847
2.90352688497781e-06,0.0370900912098859,0.927195499313896,0.0357144094762184,0.0357144094762183,0.00137568173366755,0.999999592610481
2.98503824511873e-06,0.0359988697673427,0.929298185771209,0.0347029444614486,0.0347029444614486,0.00129592530589415,0.999999592826211
3.06883789191764e-06,0.0349421427935934,0.93133667425583,0.0337211829505768,0.0337211829505767,0.00122095984301659,0.999999593035272
3.15499006495809e-06,0.0339186732691797,0.933313136181487,0.0327681905493328,0.0327681905493328,0.00115048271984691,0.99999959323789
3.24356080723581e-06,0.0329272777131205,0.935229656343091,0.0318430659437889,0.0318430659437888,0.00108421176933166,0.999999593434282
3.33461801578637e-06,0.0319668232883838,0.937088237198958,0.0309449395126582,0.0309449395126582,0.00102188377572566,0.999999593624656
3.42823149373397e-06,0.0310362251001748,0.938890802890027,0.0300729720097986,0.0300729720097987,0.000963253090376149,0.999999593809213
3.52447300380159e-06,0.0301344436718297,0.940639203015367,0.0292263533128029,0.0292263533128029,0.00090809035902681,0.999999593988148
3.62341632332315e-06,0.0292604825844809,0.942335216181702,0.0284043012338168,0.0284043012338167,0.00085618135066413,0.999999594161645
3.72513730080021e-06,0.0284133862678825,0.943980553343153,0.0276060603889643,0.0276060603889644,0.00080732587891814,0.999999594329885
3.82971391404628e-06,0.0275922379308988,0.945576860946114,0.0268309011229873,0.0268309011229874,0.000761336807911443,0.99999959449304
3.93722632996347e-06,0.0267961576211583,0.94712572389292,0.0260781184859213,0.0260781184859213,0.000718039135236988,0.999999594651277
4.04775696599732e-06,0.0260243004042785,0.948628668336891,0.0253470312588309,0.0253470312588308,0.000677269145447623,0.999999594804755
4.16139055331671e-06,0.0252758546538859,0.950087164320297,0.0246369810258171,0.0246369810258171,0.000638873628068828,0.99999959495363
4.27821420176762e-06,0.0245500404443929,0.951502628265923,0.0239473312896842,0.0239473312896842,0.00060270915470865,0.99999959509805
4.39831746665023e-06,0.0238461080391663,0.952876425332011,0.0232774666288228,0.0232774666288228,0.00056864141034345,0.999999595238158
4.5217924173707e-06,0.023163336467327,0.954209871639657,0.0226267918930162,0.0226267918930162,0.0005365445743108,0.999999595374094
4.64873370802026e-06,0.0225010321829732,0.955504236381002,0.0219947314360252,0.0219947314360252,0.000506300746947994,0.99999959550599
4.7792386499356e-06,0.0218585278011212,0.956760743815938,0.0213807283829405,0.0213807283829404,0.000477799418180768,0.999999595633975
4.91340728629636e-06,0.0212351809051118,0.957980575164473,0.0207842439304151,0.0207842439304151,0.000450936974696728,0.999999595758173
5.05134246881677e-06,0.0206303729206475,0.959164870401341,0.020204756678012,0.0202047566780119,0.000425616242635514,0.999999595878704
