1e-09,0.499718802839892,0.250281276225708,0.2499999209344,0.2499999209344,0.249718881905492,0.999999999587753
1.02807322383086e-09,0.499710910253946,0.250289173312518,0.249999916433537,0.249999916433537,0.249710993820409,0.999999999576187
1.05693455355799e-09,0.499702796184571,0.250297292138938,0.24999991167649,0.24999991167649,0.249702884508081,0.999999999564297
1.0866061138546e-09,0.49969445441897,0.250305638932349,0.249999906648681,0.249999906648681,0.249694547770289,0.999999999552074
1.11711065050482e-09,0.499685878570213,0.250314220095087,0.249999901334701,0.249999901334701,0.249685977235512,0.999999999539508
1.14847154784029e-09,0.499677062072367,0.25032304220937,0.249999895718264,0.249999895718264,0.249677166354103,0.999999999526589
1.18071284666619e-09,0.49966799817549,0.250332112042352,0.249999889782158,0.249999889782158,0.249668108393332,0.999999999513309
1.21385926269063e-09,0.499658679940481,0.250341436551326,0.249999883508193,0.249999883508193,0.249658796432288,0.999999999499656
1.24793620547131e-09,0.499649100233788,0.250351022889069,0.249999876877143,0.249999876877143,0.249649223356646,0.99999999948562
1.28296979789415e-09,0.499639251721972,0.250360878409341,0.249999869868687,0.249999869868687,0.249639381853285,0.999999999471191
1.31898689619867e-09,0.499629126866115,0.250371010672535,0.24999986246135,0.24999986246135,0.249629264404765,0.999999999456358
1.35601511056563e-09,0.499618717916073,0.250381427451493,0.249999854632435,0.249999854632435,0.249618863283638,0.999999999441109
1.39408282628258e-09,0.499608016904573,0.250392136737475,0.249999846357952,0.249999846357952,0.249608170546621,0.999999999425433
1.43321922550358e-09,0.499597015641142,0.250403146746308,0.24999983761255,0.24999983761255,0.249597178028592,0.999999999409317
1.47345430961984e-09,0.499585705705865,0.250414465924703,0.249999828369432,0.249999828369432,0.249585877336433,0.999999999392749
1.51481892225835e-09,0.499574078442976,0.250426102956746,0.249999818600279,0.249999818600279,0.249574259842697,0.999999999375718
1.55734477292614e-09,0.499562124954262,0.250438066770577,0.249999808275161,0.249999808275161,0.249562316679102,0.999999999358209
1.60106446131832e-09,0.499549836092295,0.25045036654526,0.249999797362445,0.249999797362445,0.24955003872985,0.999999999340209
1.64601150230855e-09,0.499537202453461,0.25046301171784,0.249999785828699,0.249999785828699,0.249537416624761,0.999999999321706
1.69222035164104e-09,0.49952421437081,0.250476011990599,0.249999773638591,0.249999773638591,0.249524440732218,0.999999999302684
1.7397264323438e-09,0.499510861906695,0.250489377338527,0.249999760754778,0.249999760754778,0.249511101151918,0.999999999283129
1.78856616188346e-09,0.49949713484522,0.250503118016988,0.249999747137792,0.249999747137792,0.249497387707427,0.999999999263026
1.83877698008233e-09,0.499483022684459,0.250517244569617,0.249999732745924,0.249999732745924,0.249483289938535,0.99999999924236
1.89039737781922e-09,0.499468514628481,0.250531767836429,0.24999971753509,0.24999971753509,0.249468797093391,0.999999999221115
1.94346692653602e-09,0.499453599579137,0.250546698962163,0.2499997014587,0.2499997014587,0.249453898120437,0.999999999199276
1.99802630857255e-09,0.499438266127626,0.250562049404858,0.249999684467516,0.249999684467516,0.24943858166011,0.999999999176824
2.05411734835306e-09,0.499422502545827,0.250577830944674,0.249999666509499,0.249999666509499,0.249422836036328,0.999999999153744
2.11178304444824e-09,0.499406296777389,0.250594055692961,0.249999647529651,0.249999647529651,0.249406649247738,0.999999999130018
2.17106760253726e-09,0.499389636428575,0.250610736101579,0.249999627469847,0.249999627469847,0.249390008958728,0.999999999105627
2.23201646929523e-09,0.499372508758852,0.250627884972491,0.249999606268657,0.249999606268657,0.249372902490195,0.999999999080553
2.29467636723194e-09,0.499354900671222,0.250645515467617,0.249999583861161,0.249999583861161,0.249355316810061,0.999999999054778
2.35909533050864e-09,0.49933679870228,0.250663641118976,0.249999560178744,0.249999560178744,0.249337238523536,0.999999999028281
2.42532274176036e-09,0.499318189012004,0.250682275839102,0.249999535148894,0.249999535148894,0.24931865386311,0.999999999001042
2.49340936995188e-09,0.499299057373258,0.250701433931767,0.249999508694974,0.249999508694974,0.249299548678284,0.999999998973041
2.56340740929651e-09,0.499279389161007,0.250721130102999,0.249999480735994,0.249999480735994,0.249279908425013,0.999999998944257
2.63537051926739e-09,0.49925916934123,0.250741379472413,0.249999451186357,0.249999451186357,0.249259718154873,0.999999998914666
2.70935386573205e-09,0.499238382459533,0.250762197584863,0.249999419955604,0.249999419955604,0.249238962503929,0.999999998884248
2.78541416324176e-09,0.499217012629441,0.250783600422427,0.249999386948132,0.249999386948132,0.249217625681309,0.999999998852979
2.86360971850811e-09,0.499195043520373,0.250805604416721,0.249999352062906,0.249999352062906,0.249195691457467,0.999999998820835
2.94400047510004e-09,0.49917245834528,0.250828226461571,0.249999315193149,0.249999315193149,0.249173143152131,0.999999998787792
3.0266480593957e-09,0.499149239847946,0.250851483926038,0.249999276226016,0.249999276226016,0.249149963621931,0.999999998753825
3.11161582782436e-09,0.499125370289938,0.250875394667813,0.24999923504225,0.24999923504225,0.249126135247688,0.999999998718907
3.19896891543454e-09,0.499100831437191,0.250899977046992,0.249999191515817,0.249999191515817,0.249101639921374,0.999999998683013
3.28877428582551e-09,0.499075604546238,0.250925249940238,0.249999145513524,0.249999145513524,0.249076459032714,0.999999998646116
3.38110078248068e-09,0.499049670350044,0.250951232755348,0.249999096894608,0.249999096894608,0.249050573455437,0.999999998608187
3.47601918154197e-09,0.499023009043464,0.250977945446225,0.249999045510311,0.249999045510311,0.249023963533153,0.999999998569198
3.57360224606578e-09,0.498995600268292,0.251005408528284,0.249998991203424,0.249998991203424,0.248996609064868,0.999999998529119
3.67392478180208e-09,0.498967423097907,0.251033643094285,0.249998933807808,0.249998933807808,0.248968489290099,0.999999998487919
3.77706369453937e-09,0.498938456021493,0.251062670830619,0.249998873147888,0.249998873147888,0.248939582873605,0.999999998445569
3.88309804905961e-09,0.498908676927829,0.251092514034056,0.249998809038115,0.249998809038115,0.248909867889713,0.999999998402035
3.99210912974805e-09,0.49887806308863,0.251123195628964,0.249998741282405,0.249998741282405,0.248879321806225,0.999999998357284
4.10418050290471e-09,0.498846591141442,0.251154739185021,0.249998669673538,0.249998669673538,0.248847921467904,0.999999998311284
4.21939808080502e-09,0.498814237072055,0.25118716893542,0.249998593992525,0.249998593992525,0.24881564307953,0.999999998263999
4.33785018755898e-09,0.49878097619645,0.251220509795605,0.249998514007946,0.249998514007946,0.248782462188504,0.999999998215394
4.45962762681909e-09,0.498746783142241,0.251254787382519,0.24999842947524,0.24999842947524,0.248748353667001,0.999999998165431
4.58482375138911e-09,0.498711631829617,0.251290028034418,0.249998340135965,0.249998340135965,0.248713291693652,0.999999998114074
4.71353453478692e-09,0.498675495451763,0.251326258831232,0.249998245717005,0.249998245717005,0.248677249734758,0.999999998061283
4.8458586448165e-09,0.498638346454747,0.251363507615509,0.249998145929744,0.249998145929744,0.248640200525003,0.999999998007019
4.98189751920517e-09,0.49860015651686,0.251401803013955,0.249998040469185,0.249998040469185,0.248602116047675,0.999999997951241
5.12175544336424e-09,0.498560896527395,0.251441174459583,0.249997929013022,0.249997929013022,0.248562967514373,0.999999997893906
5.26553963033276e-09,0.498520536564846,0.251481652214495,0.249997811220659,0.249997811220659,0.248522725344188,0.999999997834973
5.41336030296538e-09,0.498479045874524,0.251523267393301,0.249997686732176,0.249997686732175,0.248481359142348,0.999999997774395
5.56533077842764e-09,0.498436392845552,0.251566051987216,0.249997555167232,0.249997555167232,0.24843883767832,0.999999997712129
5.72156755506324e-09,0.498392544987255,0.251610038888833,0.249997416123911,0.249997416123912,0.248395128863344,0.999999997648126
5.88219040169997e-09,0.498347468904896,0.251655261917604,0.2499972691775,0.2499972691775,0.248350199727396,0.99999999758234
6.04732244946265e-09,0.498301130274764,0.251701755846041,0.249997113879195,0.249997113879195,0.248304016395569,0.999999997514721
6.21709028616383e-09,0.49825349381859,0.251749556426667,0.249996949754743,0.249996949754743,0.248256544063847,0.999999997445217
6.39162405334401e-09,0.498204523277269,0.251798700419733,0.249996776302998,0.249996776302998,0.248207746974271,0.999999997373777
6.57105754603627e-09,0.498154181383883,0.251849225621715,0.249996592994402,0.249996592994402,0.248157588389481,0.999999997300348
6.75552831533164e-09,0.49810242983599,0.251901170894637,0.249996399269374,0.249996399269374,0.248106030566616,0.999999997224874
6.94517777382369e-09,0.498049229267173,0.251954576196211,0.249996194536616,0.249996194536616,0.248053034730557,0.9999999971473
7.14015130401339e-09,0.497994539217832,0.252009482610849,0.249995978171318,0.249995978171318,0.247998561046514,0.999999997067566
7.3405983697572e-09,0.497938318105184,0.252065932381552,0.249995749513264,0.249995749513264,0.24794256859192,0.999999996985614
7.5466726308439e-09,0.497880523192469,0.252123968942703,0.249995507864828,0.249995507864828,0.24788501532764,0.999999996901383
7.75853206078784e-09,0.497821110557333,0.252183636953804,0.249995252488864,0.249995252488864,0.247825858068469,0.999999996814809
7.97633906792928e-09,0.497760035059369,0.252244982334162,0.249994982606469,0.249994982606469,0.2477650524529,0.999999996725828
8.20026061993413e-09,0.497697250306795,0.252308052298576,0.249994697394629,0.249994697394629,0.247702552912166,0.999999996634374
8.43046837178897e-09,0.497632708622248,0.252372895394029,0.249994395983723,0.249994395983723,0.247638312638525,0.999999996540379
8.66713879738922e-09,0.49756636100767,0.252439561537434,0.249994077454896,0.249994077454896,0.247572283552774,0.999999996443774
8.9104533248215e-09,0.497498157108271,0.252508102054452,0.249993740837277,0.249993740837277,0.247504416270995,0.999999996344484
9.16059847544369e-09,0.497428045175538,0.252578569719418,0.249993385105044,0.249993385105044,0.247434660070494,0.99999999624244
9.41776600686954e-09,0.497355972029267,0.252651018796406,0.249993009174327,0.249993009174327,0.24736296285494,0.999999996137563
9.6821530599671e-09,0.497281883018606,0.252725505081465,0.249992611899929,0.249992611899929,0.247289271118677,0.999999996029776
9.95396230998424e-09,0.497205721982071,0.252802085946056,0.249992192071873,0.249992192071874,0.247213529910197,0.999999995919
1.02334021219164e-08,0.497127431206516,0.252880820381736,0.249991748411748,0.249991748411748,0.247135682794767,0.999999995805153
1.05206867102362e-08,0.497046951385037,0.25296176904611,0.249991279568853,0.249991279568853,0.247055671816184,0.999999995688151
1.08160363031071e-08,0.496964221573781,0.253044994310095,0.249990784116124,0.249990784116124,0.246973437457657,0.999999995567907
1.1119677311207e-08,0.496879179147626,0.253130560306539,0.249990260545835,0.249990260545835,0.246888918601791,0.999999995444333
1.14318425012915e-08,0.496791759754728,0.253218532980215,0.249989707265058,0.249989707265058,0.24680205248967,0.999999995317338
1.17527711746295e-08,0.496701897269881,0.253308980139255,0.249989122590864,0.249989122590864,0.246712774679017,0.999999995186829
1.20827093504478e-08,0.49660952374669,0.253401971508045,0.249988504745265,0.249988504745265,0.246621019001425,0.99999999505271
1.24219099545262e-08,0.496514569368506,0.25349757878163,0.249987851849864,0.249987851849864,0.246526717518642,0.999999994914883
1.27706330130864e-08,0.496416962398117,0.253595875681671,0.249987161920212,0.249987161920212,0.246429800477905,0.999999994773247
1.31291458521247e-08,0.49631662912615,0.253696938014,0.249986432859849,0.249986432859849,0.246330196266301,0.999999994627698
1.34977233023394e-08,0.496213493818167,0.25380084372782,0.249985662454013,0.249985662454013,0.246227831364154,0.99999999447813
1.38766479098131e-08,0.496107478660419,0.253907672976587,0.249984848362994,0.249984848362994,0.246122630297425,0.999999994324434
1.42662101526074e-08,0.49599850370424,0.254017508180633,0.249983988115126,0.249983988115126,0.246014515589114,0.999999994166498
1.46667086634397e-08,0.49588648680904,0.254130434091579,0.24998307909938,0.24998307909938,0.24590340770966,0.999999994004207
1.50784504586105e-08,0.495771343583873,0.254246537858573,0.249982118557554,0.249982118557554,0.245789225026319,0.999999993837444
1.55017511733577e-08,0.495652987327552,0.254365909096428,0.24998110357602,0.24998110357602,0.245671883751532,0.999999993666088
1.59369353038178e-08,0.495531328967286,0.254488639955694,0.249980031077019,0.249980031077019,0.245551297890267,0.999999993490015
1.63843364557798e-08,0.495406276995796,0.254614825194731,0.249978897809473,0.249978897809473,0.245427379186323,0.999999993309097
1.68442976004231e-08,0.495277737406891,0.254744562253828,0.249977700339281,0.249977700339281,0.24530003706761,0.999999993123204
1.73171713372335e-08,0.495145613629476,0.254877951331438,0.249976435039086,0.249976435039087,0.245169178590389,0.999999992932203
1.78033201643011e-08,0.495009806459953,0.255015095462575,0.249975098077472,0.249975098077472,0.245034708382481,0.999999992735956
1.83031167562061e-08,0.494870213992996,0.255156100599446,0.249973685407558,0.249973685407558,0.244896528585438,0.999999992534323
1.88169442497056e-08,0.49472673155066,0.255301075694366,0.249972192754974,0.249972192754974,0.244754538795686,0.999999992327159
1.93451965374404e-08,0.494579251609803,0.255450132785034,0.249970615605162,0.249970615605162,0.244608636004641,0.999999992114316
1.98882785698881e-08,0.494427663727794,0.25560338708222,0.249968949189986,0.249968949189986,0.244458714537809,0.999999991895643
2.04466066657912e-08,0.494271854466466,0.255760957059941,0.249967188473594,0.249967188473594,0.244304665992872,0.999999991670984
2.10206088313016e-08,0.494111707314296,0.255922964548189,0.249965328137514,0.249965328137514,0.244146379176782,0.99999999144018
2.16107250880838e-08,0.493947102606793,0.256089534828282,0.249963362564925,0.249963362564925,0.243983740041867,0.999999991203067
2.22174078106288e-08,0.493777917445037,0.256260796730901,0.249961285824062,0.249961285824061,0.243816631620976,0.999999990959478
2.28411220730383e-08,0.493604025612385,0.256436882736899,0.249959091650715,0.249959091650715,0.24364493396167,0.999999990709241
2.34823460055428e-08,0.493425297489278,0.256617929080946,0.249956773429776,0.249956773429776,0.243468524059502,0.999999990452181
2.41415711610302e-08,0.493241599966152,0.256804075858086,0.249954324175762,0.249954324175762,0.24328727579039,0.999999990188116
2.48193028918626e-08,0.493052796354424,0.256995467133287,0.249951736512289,0.249951736512288,0.243101059842136,0.999999989916864
2.55160607372719e-08,0.492858746295521,0.257192251054062,0.249949002650417,0.249949002650417,0.242909743645104,0.999999989638233
2.62323788216312e-08,0.492659305667943,0.257394579966229,0.249946114365828,0.249946114365828,0.242713191302115,0.999999989352031
2.69688062639069e-08,0.492454326492339,0.257602610532914,0.249943062974747,0.249943062974747,0.242511263517592,0.999999989058059
2.77259075986048e-08,0.492243656834576,0.257816503856852,0.249939839308572,0.249939839308571,0.242303817526004,0.999999988756114
2.85042632085343e-08,0.492027140706787,0.258036425606095,0.249936433687118,0.249936433687118,0.242090707019669,0.999999988445988
2.93044697697214e-08,0.491804617966388,0.258262546143186,0.249932835890426,0.249932835890426,0.241871782075962,0.999999988127467
3.01271407088116e-08,0.491575924213052,0.258495040657913,0.249929035129036,0.249929035129036,0.241646889084016,0.999999987800334
3.09729066733141e-08,0.491340890683632,0.2587340893037,0.249925020012669,0.249925020012669,0.241415870670963,0.999999987464365
3.18424160150466e-08,0.49109934414503,0.258979877337748,0.249920778517222,0.249920778517222,0.241178565627808,0.999999987119332
3.27363352871525e-08,0.490851106785012,0.259232595264996,0.249916297949992,0.249916297949992,0.24093480883502,0.999999986765001
3.36553497550709e-08,0.490595996100966,0.259492438986002,0.249911564913032,0.249911564913032,0.240684431187935,0.999999986401132
3.46001639218511e-08,0.490333824786618,0.259759609948822,0.249906565264559,0.249906565264559,0.240427259522059,0.999999986027481
3.55715020682138e-08,0.490064400616709,0.260034315304991,0.2499012840783,0.2499012840783,0.240163116538409,0.999999985643798
3.65701088077749e-08,0.489787526329651,0.260316768069678,0.249895705600671,0.249895705600671,0.239891820728979,0.999999985249825
3.75967496578547e-08,0.489502999508187,0.26060718728612,0.249889813205693,0.249889813205693,0.239613186302494,0.999999984845303
3.86522116263126e-08,0.489210612458076,0.260905798194406,0.249883589347518,0.249883589347518,0.239327023110559,0.999999984429963
3.97373038148561e-08,0.488910152084832,0.26121283240472,0.249877015510448,0.249877015510448,0.239033136574384,0.99999998400353
4.08528580392857e-08,0.488601399768564,0.261528528075104,0.249870072156332,0.249870072156332,0.238731327612232,0.999999983565727
4.19997294671531e-08,0.488284131236959,0.261853130093848,0.249862738669193,0.249862738669193,0.238421392567766,0.999999983116266
4.31787972733202e-08,0.487958116436457,0.262186890266574,0.249854993296969,0.249854993296969,0.238103123139488,0.999999982654856
4.43909653139217e-08,0.487623119401688,0.262530067508103,0.24984681309021,0.24984681309021,0.237776306311478,0.9999999821812
4.56371628192476e-08,0.487278898123231,0.262882928039176,0.249838173837593,0.249838173837593,0.237440724285638,0.999999981694992
4.6918345106078e-08,0.486925204413786,0.263245745588112,0.249829049998102,0.249829049998102,0.237096154415684,0.999999981195921
4.82354943100147e-08,0.486561783772841,0.263618801597455,0.249819414629704,0.249819414629704,0.236742369143136,0.999999980683671
4.95896201383721e-08,0.486188375249935,0.2640023854357,0.249809239314365,0.249809239314365,0.236379135935571,0.999999980157918
5.09817606442043e-08,0.485804711306645,0.264396794614128,0.249798494079228,0.249798494079228,0.236006217227417,0.99999997961833
5.24129830220606e-08,0.485410517677393,0.264802335008831,0.249787147313776,0.249787147313776,0.235623370363617,0.999999979064572
5.38843844260822e-08,0.485005513229253,0.265219321087954,0.249775165682793,0.249775165682793,0.23523034754646,0.999999978496301
5.5397092811064e-08,0.484589409820874,0.265648076144195,0.249762514034931,0.249762514034931,0.234826895785943,0.999999977913165
5.69522677971282e-08,0.484161912160719,0.266088932532597,0.249749155306684,0.249749155306684,0.234412756854035,0.999999977314807
5.85511015586724e-08,0.483722717664788,0.266542231913652,0.24973505042156,0.24973505042156,0.233987667243228,0.999999976700864
6.01948197382727e-08,0.483271516314046,0.267008325501707,0.249720158184247,0.249720158184247,0.233551358129799,0.999999976070967
6.18846823862438e-08,0.482807990511768,0.267487574318689,0.249704435169543,0.249704435169543,0.233103555342226,0.999999975424736
6.3621984926575e-08,0.482331814941058,0.267980349453111,0.249687835605831,0.249687835605831,0.232643979335227,0.999999974761789
6.54080591499826e-08,0.481842656422801,0.268487032324331,0.249670311252867,0.249670311252867,0.232172345169934,0.999999974081734
6.72442742348425e-08,0.481340173774354,0.269008014952009,0.249651811273637,0.249651811273637,0.231688362500717,0.999999973384176
6.91320377967813e-08,0.480824017669273,0.269543700230682,0.249632282100046,0.249632282100046,0.231191735569227,0.999999972668708
7.10727969677341e-08,0.480293830498439,0.270094502209377,0.249611667292184,0.249611667292184,0.230682163206255,0.999999971934922
7.30680395052951e-08,0.479749246232951,0.270660846376129,0.24958990739092,0.24958990739092,0.23015933884203,0.999999971182399
7.51192949332097e-08,0.479189890289179,0.271243169947263,0.249566939763558,0.249566939763558,0.22962295052562,0.999999970410716
7.72281357138864e-08,0.478615379396431,0.271841922161273,0.249542698442296,0.249542698442296,0.229072680954135,0.999999969619443
7.93961784538228e-08,0.47802532146769,0.272457564577092,0.249517113955218,0.249517113955218,0.228508207512472,0.999999968808143
8.16250851428724e-08,0.47741931547393,0.273090571376513,0.249490113149557,0.249490113149557,0.227929202324373,0.999999967976374
8.39165644283016e-08,0.476796951322569,0.27374142967048,0.24946161900695,0.24946161900695,0.227335332315619,0.999999967123686
8.62723729246145e-08,0.476157809740627,0.274410639808953,0.24943155045042,0.24943155045042,0.226726259290208,0.999999966249626
8.8694316560147e-08,0.475501462163235,0.275098715693961,0.249399822142804,0.249399822142804,0.22610164002043,0.999999965353733
9.11842519614656e-08,0.474827470628155,0.275806185095461,0.249366344276384,0.249366344276384,0.225461126351771,0.999999964435541
9.374408787663e-08,0.474135387677058,0.276533589969522,0.24933102235342,0.24933102235342,0.224804365323638,0.999999963494579
9.63757866384109e-08,0.473424756264306,0.277281486778332,0.249293756957361,0.249293756957361,0.224130999306945,0.999999962530372
9.90813656685867e-08,0.472695109674091,0.278050446811445,0.249254443514464,0.249254443514464,0.223440666159628,0.999999961542437
1.01862899024469e-07,0.471945971446802,0.278841056507622,0.249212972045576,0.249212972045576,0.222732999401226,0.999999960530289
1.04722518988844e-07,0.471176855315565,0.279653917776562,0.249169226907873,0.249169226907873,0.222007628407692,0.999999959493438
1.07662417704549e-07,0.470387265153976,0.28048964831971,0.249123086526314,0.249123086526314,0.221264178627662,0.999999958431392
1.10684848854941e-07,0.469576694936067,0.281348881949299,0.249074423114633,0.249074423114633,0.220502271821434,0.999999957343652
1.13792129391531e-07,0.468744628709685,0.282232268904622,0.249023102385693,0.249023102385693,0.219721526323991,0.999999956229719
1.16986641310131e-07,0.467890540584446,0.283140476164511,0.248968983251043,0.248968983251043,0.218921557333403,0.99999995508909
1.20270833476851e-07,0.467013894735592,0.284074187754836,0.248911917509572,0.248911917509572,0.218101977226021,0.99999995392126
1.23647223505371e-07,0.466114145425075,0.285034105049756,0.248851749525169,0.248851749525169,0.217262395899906,0.999999952725721
1.27118399686903e-07,0.46519073704132,0.286020947065339,0.248788315893341,0.248788315893341,0.216402421147979,0.999999951501967
1.30687022974335e-07,0.464243104159189,0.287035450744019,0.248721445096792,0.248721445096792,0.215521659062397,0.999999950249489
1.34355829022083e-07,0.463270671621741,0.288078371228252,0.248650957150008,0.248650957150008,0.214619714471733,0.999999948967778
1.38127630283201e-07,0.462272854645482,0.289150482121564,0.248576663232954,0.248576663232954,0.213696191412529,0.999999947656328
1.42005318165368e-07,0.461249058950889,0.290252575735056,0.248498365314055,0.248498365314055,0.212750693636834,0.999999946314631
1.45991865247398e-07,0.460198680920062,0.291385463317242,0.248415855762696,0.248415855762696,0.211782825157366,0.999999944942184
1.50090327557974e-07,0.45912110778348,0.292549975264963,0.248328916951558,0.248328916951558,0.210792190831922,0.999999943538487
1.54303846918356e-07,0.458015717837908,0.29374696131289,0.248237320849202,0.248237320849202,0.209778396988705,0.999999942103041
1.58635653350859e-07,0.456881880697604,0.294977290698994,0.248140828603401,0.248140828603401,0.208741052094203,0.999999940635355
1.63089067554933e-07,0.455718957581067,0.296241852303114,0.248039190115819,0.248039190115819,0.207679767465248,0.999999939134941
1.6766750345277e-07,0.454526301635652,0.297541554755568,0.24793214360878,0.24793214360878,0.206594158026873,0.99999993760132
1.72374470806362e-07,0.453303258302505,0.298877326512534,0.247819415184961,0.247819415184961,0.205483843117544,0.999999936034018
1.77213577908036e-07,0.452049165724293,0.300250115894687,0.24770071838102,0.24770071838102,0.204348447343273,0.999999934432573
1.82188534346517e-07,0.450763355198378,0.301660891085344,0.247575753716278,0.247575753716278,0.203187601482099,0.99999993279653
1.87303153850643e-07,0.44944515167808,0.303110640084129,0.247444208237791,0.247444208237792,0.202000943440288,0.999999931125447
1.9256135721292e-07,0.448093874324828,0.3046003706119,0.247305755063272,0.247305755063272,0.200788119261556,0.999999929418893
1.97967175295133e-07,0.446708837114007,0.306131109962442,0.24716005292355,0.24716005292355,0.199548784190457,0.999999927676451
2.03524752118358e-07,0.445289349497419,0.307703904796126,0.247006745706455,0.247006745706455,0.198282603790964,0.999999925897721
2.09238348039698e-07,0.443834717125299,0.309319820870494,0.246845462004206,0.246845462004207,0.196989255121093,0.999999924082317
2.15112343018217e-07,0.442344242630889,0.310979942702447,0.246675814666664,0.246675814666664,0.195668427964226,0.999999922229871
2.21151239972549e-07,0.440817226480592,0.3126853731564,0.246497400363008,0.246497400363008,0.194319826117583,0.999999920340036
2.27359668232772e-07,0.43925296789274,0.31443723295255,0.246309799154709,0.246309799154709,0.192943168738031,0.999999918412486
2.33742387089181e-07,0.437650765828026,0.31623666008908,0.246112574082895,0.246112574082895,0.191538191745131,0.999999916446917
2.40304289440697e-07,0.436009920054591,0.31808480917186,0.245905270773548,0.245905270773548,0.190104649281043,0.999999914443048
2.47050405545683e-07,0.434329732290761,0.319982850644989,0.24568741706425,0.24568741706425,0.188642315226511,0.999999912400627
2.53985906878073e-07,0.432609507428292,0.321931969915205,0.245458522656502,0.245458522656502,0.18715098477179,0.999999910319429
2.61116110091746e-07,0.430848554838962,0.323933366363035,0.245218078798003,0.245218078798003,0.185630476040958,0.999999908199258
2.68446481096197e-07,0.429046189767129,0.325988252233294,0.244965557999577,0.244965557999577,0.184080631767552,0.99999990603995
2.75982639246618e-07,0.427201734810797,0.328097851397401,0.244700413791803,0.244700413791803,0.182501321018994,0.999999903841374
2.83730361651621e-07,0.425314521493438,0.330263397979818,0.244422080526744,0.244422080526744,0.180892440966694,0.999999901603436
2.91695587601879e-07,0.423383891928662,0.332486134840813,0.244129973230525,0.244129973230525,0.179253918698137,0.999999899326079
2.99884423123102e-07,0.421409200579446,0.33476731190771,0.243823487512844,0.243823487512844,0.177585713066602,0.999999897009284
3.08303145656828e-07,0.419389816113368,0.337108184346757,0.243501999539875,0.243501999539875,0.175887816573493,0.999999894653075
3.16958208872612e-07,0.417325123354844,0.339510010567841,0.243164866077316,0.243164866077315,0.174160257277528,0.999999892257519
3.25856247615323e-07,0.415214525334939,0.341974050054383,0.242811424610678,0.242811424610678,0.172403100724261,0.999999889822728
3.35004082991314e-07,0.413057445438809,0.344501561010991,0.2424409935502,0.2424409935502,0.170616451888609,0.999999887348863
3.44408727597382e-07,0.410853329650239,0.347093797821736,0.242052872528025,0.242052872528025,0.168800457122215,0.999999884836133
3.54077390896527e-07,0.40860164889213,0.349752008312346,0.241646342795524,0.241646342795524,0.166955306096606,0.9999998822848
3.64017484744614e-07,0.406301901461029,0.35247743081014,0.241220667728831,0.241220667728831,0.165081233732198,0.999999879695176
3.74236629072198e-07,0.40395361555306,0.355271290996175,0.240775093450765,0.240775093450765,0.163178522102295,0.999999877067631
3.84742657725851e-07,0.401556351877711,0.358134798544859,0.24030884957743,0.24030884957743,0.161247502300281,0.999999874402593
3.9554362447347e-07,0.399109706355023,0.361069143547262,0.239821150097716,0.239821150097716,0.159288556257307,0.999999871700547
4.06647809178186e-07,0.396613312890701,0.364075492715393,0.239311194393906,0.239311194393906,0.157302118496795,0.999999868962037
4.18063724145576e-07,0.394066846222597,0.367154985366051,0.238778168411352,0.238778168411352,0.155288677811246,0.999999866187672
4.2980012064908e-07,0.391470024830825,0.370308729184248,0.238221245984927,0.238221245984927,0.153248778845898,0.999999863378121
4.41865995638594e-07,0.38882261390258,0.373537795767868,0.237639590329552,0.237639590329552,0.151183023573028,0.999999860534122
4.54270598637404e-07,0.386124428341409,0.376843215957057,0.237032355701534,0.237032355701533,0.149092072639876,0.999999857656474
4.67023438832733e-07,0.383375335809338,0.380225974953852,0.23639868923681,0.23639868923681,0.146976646572528,0.999999854746045
4.80134292365345e-07,0.380575259788866,0.383687007239799,0.235737732971334,0.235737732971334,0.144837526817532,0.999999851803771
4.93613209823792e-07,0.377724182650399,0.387227191301748,0.235048626047853,0.235048626047853,0.142675556602545,0.999999848830654
5.07470523949047e-07,0.37482214870921,0.390847344178615,0.234330507112175,0.234330507112175,0.140491641597035,0.999999845827766
5.21716857555435e-07,0.371869267254578,0.394548215844752,0.23358251690067,0.23358251690067,0.138286750353908,0.999999842796246
5.36363131673925e-07,0.368865715532247,0.398330483448516,0.232803801019237,0.232803801019237,0.13606191451301,0.999999839737302
5.5142057392403e-07,0.365811741659954,0.402194745427798,0.231993512912248,0.231993512912248,0.133818228747705,0.999999836652211
5.66900727120743e-07,0.362707667454341,0.406141515527548,0.23115081701811,0.23115081701811,0.131556850436231,0.999999833542314
5.82815458123084e-07,0.359553891146325,0.410171216747682,0.230274892105993,0.230274892105993,0.129278999040333,0.999999830409022
5.99176966931061e-07,0.356350889960716,0.414284175253239,0.229364934786046,0.229364934786046,0.12698595517467,0.999999827253806
6.15997796038017e-07,0.353099222534896,0.418480614282074,0.22842016318303,0.22842016318303,0.124679059351865,0.999999824078205
6.33290840045511e-07,0.349799531150414,0.422760648088847,0.227439820760739,0.227439820760739,0.122359710389676,0.999999820883816
6.51069355548147e-07,0.346452543750695,0.427124275967368,0.226423180281937,0.226423180281937,0.120029363468758,0.999999817672295
6.69346971295867e-07,0.343059075717592,0.431571376396582,0.225369547885825,0.225369547885825,0.117689527831767,0.999999814445356
6.88137698641567e-07,0.339620031379348,0.436101701358444,0.224278267262208,0.224278267262208,0.11534176411714,0.999999811204764
7.07455942281988e-07,0.33613640522264,0.440714870878585,0.223148723898775,0.223148723898775,0.112987681323865,0.999999807952335
7.27316511300145e-07,0.332609282781873,0.445410367843005,0.221980349375122,0.221980349375122,0.110628933406751,0.999999804689931
7.47734630517758e-07,0.329039841179697,0.450187533145846,0.220772625674457,0.220772625674457,0.108267215505239,0.999999801419455
7.68725952166374e-07,0.325429349293983,0.455045561224611,0.219525089481406,0.219525089481406,0.105904259812577,0.999999798142849
7.90306567886135e-07,0.321779167528139,0.459983496039882,0.218237336431979,0.218237336431979,0.10354183109616,0.999999794862087
8.12493021061405e-07,0.318090747163713,0.465000227556575,0.216909025279712,0.216909025279712,0.101181721884002,0.999999791579172
8.35302319502679e-07,0.314365629276787,0.470094488783002,0.215539881940211,0.215539881940211,0.0988257473365754,0.999999788296128
8.58751948484518e-07,0.310605443202609,0.475264853422374,0.214129703375018,0.214129703375018,0.0964757398275908,0.999999785014998
8.82859884149515e-07,0.306811904536313,0.480509734188935,0.212678361274752,0.212678361274752,0.0941335432615616,0.999999781737836
9.07644607288536e-07,0.302986812661384,0.485827381837476,0.21118580550114,0.21118580550114,0.0918010071602447,0.999999778466701
9.33125117507824e-07,0.299132047801693,0.491215884950653,0.209652067247654,0.209652067247654,0.0894799805540391,0.999999775203654
9.59320947793823e-07,0.295249567597454,0.496673170523296,0.20807726187925,0.20807726187925,0.087172305718204,0.999999771950746
9.86252179486878e-07,0.291341403210242,0.502197005376675,0.206461591413083,0.206461591413083,0.0848798117971591,0.999999768710018
1.01393945767529e-06,0.287409654967209,0.507784998428687,0.204805346604103,0.204805346604103,0.0826043083631057,0.999999765483491
1.04240400702156e-06,0.283456487559774,0.513434603838114,0.203108908602112,0.203108908602112,0.0803475789576618,0.999999762273161
1.07166764803286e-06,0.279484124817271,0.519143125032531,0.201372750150198,0.201372750150198,0.0781113746670733,0.999999759080992
1.10175281378839e-06,0.275494844081177,0.524907719620413,0.19959743629841,0.19959743629841,0.0758974077827667,0.999999755908913
1.13268256713615e-06,0.271490970210552,0.530725405178409,0.197783624611039,0.197783624611039,0.0737073455995134,0.999999752758807
1.16448061837269e-06,0.267474869254134,0.536593065894955,0.195932064850912,0.195932064850912,0.0715428044032218,0.99999974963251
1.19717134341897e-06,0.26344894182894,0.542507460041471,0.194043598129589,0.194043598129589,0.0694053436993509,0.999999746531802
1.23077980250667e-06,0.259415616249277,0.548465228232583,0.19211915551814,0.19211915551814,0.0672964607311364,0.999999743458405
1.26533175938894e-06,0.255377341453537,0.554462902427177,0.190159756119285,0.190159756119285,0.0652175853342521,0.999999740413976
1.30085370109057e-06,0.251336579779068,0.560496915613083,0.188166504607849,0.188166504607849,0.0631700751712196,0.999999737400103
1.3373728582125e-06,0.247295799637632,0.566563612109631,0.186140588252737,0.186140588252737,0.0611552113848942,0.999999734418303
1.37491722580642e-06,0.243257468145475,0.57265925841479,0.184083273439735,0.184083273439735,0.0591741947057404,0.999999731470015
1.4135155848354e-06,0.23922404376278,0.578780054516901,0.181995901720318,0.181995901720318,0.0572281420424622,0.999999728556599
1.4531975242369e-06,0.235197968997228,0.58492214558552,0.179879885417252,0.179879885417252,0.0553180835799767,0.999999725679332
1.49399346360526e-06,0.23118166322559,0.591081633951615,0.177736702822795,0.177736702822795,0.0534449604027952,0.999999722839407
1.5359346765109e-06,0.227177515685673,0.597254591284405,0.175567893029922,0.175567893029922,0.0516096226557513,0.999999720037932
1.57905331447418e-06,0.223187878688631,0.603437070870525,0.173375050440844,0.173375050440844,0.049812828247787,0.999999717275926
1.62338243161228e-06,0.21921506109864,0.609625119901029,0.171159819000331,0.171159819000331,0.0480552420983085,0.999999714554319
1.66895600997803e-06,0.215261322123332,0.615814791672904,0.168923886203764,0.168923886203765,0.0463374359195671,0.999999711873956
1.71580898561001e-06,0.211328865454224,0.622002157614272,0.166668976931504,0.166668976931504,0.0446598885227194,0.999999709235589
1.76397727531405e-06,0.207419833791779,0.628183319046216,0.164396847162004,0.164396847162004,0.0430229866297753,0.999999706639885
1.8134978041965e-06,0.203536303784808,0.634354418599033,0.162109277616159,0.162109277616159,0.0414270261686494,0.999999704087424
1.86440853397049e-06,0.199680281408706,0.640511651206644,0.15980806738465,0.15980806738465,0.0398722140240568,0.999999701578698
1.91674849205681e-06,0.195853697801728,0.646651274609653,0.157495027588619,0.157495027588619,0.0383586702131089,0.99999969911412
1.9705578015018e-06,0.192058405573099,0.652769619305004,0.155171975121896,0.155171975121897,0.0368864304512027,0.999999696694017
2.02587771173502e-06,0.188296175591483,0.658863097888233,0.152840726520284,0.152840726520284,0.0354554490711985,0.999999694318638
2.08275063019052e-06,0.18456869425714,0.664928213742657,0.150503092000204,0.150503092000204,0.0340656022569364,0.999999691988157
2.14122015481573e-06,0.180877561256214,0.670961569038443,0.148160869705343,0.148160869705343,0.0327166915508709,0.999999689702671
2.20133110749303e-06,0.177224287790918,0.676959872013122,0.14581584019596,0.14581584019596,0.0314084475949581,0.999999687462211
2.26312956839953e-06,0.173610295275171,0.682919943513564,0.143469761211265,0.143469761211265,0.030140534063906,0.999999685266737
2.32666291133146e-06,0.17003691448134,0.688838722787746,0.141124362730914,0.141124362730914,0.0289125517504262,0.999999683116146
2.39197984002024e-06,0.166505385120364,0.694713272522443,0.138781342357192,0.138781342357192,0.0277240427631722,0.999999681010274
2.45913042546804e-06,0.16301685583457,0.700540783130403,0.136442361035027,0.136442361035027,0.0265744947995437,0.999999678948903
2.5281661443315e-06,0.159572384580027,0.70631857629737,0.134109039122603,0.134109039122603,0.0254633454574233,0.999999676931756
2.59913991838293e-06,0.156172939373301,0.712044107805514,0.131782952821185,0.131782952821185,0.0243899865521157,0.999999674958512
2.67210615507944e-06,0.152819399375942,0.717714969655342,0.129465630968716,0.129465630968716,0.0233537684072262,0.999999673028801
2.74712078927081e-06,0.149512556288956,0.723328891512959,0.127158552198084,0.127158552198084,0.0223540040908719,0.999999671142211
2.82424132607844e-06,0.146253116028859,0.728883741513685,0.124863142457456,0.124863142457456,0.0213899735714023,0.999999669298289
2.90352688497781e-06,0.143041700656667,0.734377526456336,0.122580772886997,0.122580772886997,0.0204609277696697,0.999999667496549
2.98503824511873e-06,0.139878850531254,0.739808391425256,0.120312758043491,0.120312758043491,0.0195660924877631,0.999999665736471
3.06883789191764e-06,0.136765026658922,0.74517461887913,0.118060354461948,0.118060354461948,0.0187046721969745,0.999999664017508
3.15499006495809e-06,0.133700613211745,0.750474627247055,0.1158247595412,0.1158247595412,0.0178758536705455,0.999999662339082
3.24356080723581e-06,0.130685920188154,0.755706969073116,0.11360711073873,0.11360711073873,0.0170788094494242,0.999999660700597
3.33461801578637e-06,0.127721186190383,0.760870328751036,0.111408485058581,0.111408485058581,0.0163127011318028,0.999999659101434
3.42823149373397e-06,0.124806581294687,0.765963519890231,0.109229898815082,0.109229898815082,0.0155766824796043,0.999999657540957
3.52447300380159e-06,0.12194220999164,0.77098548235402,0.10707230765434,0.10707230765434,0.0148699023372993,0.999999656018516
3.62341632332315e-06,0.119128114175374,0.775935279009725,0.104936606814901,0.104936606814901,0.0141915073604736,0.999999654533447
3.72513730080021e-06,0.11636427616214,0.78081209222913,0.10282363160873,0.10282363160873,0.0135406445534093,0.999999653085075
3.82971391404628e-06,0.113650621720198,0.785615220176199,0.100734158103603,0.100734158103603,0.0129164636165945,0.99999965167272
3.93722632996347e-06,0.110987023094662,0.790344072917213,0.0986689039881252,0.0986689039881252,0.0123181191065365,0.999999650295692
4.04775696599732e-06,0.108373302012478,0.794998168386567,0.0966285296009556,0.0966285296009556,0.011744772411522,0.9999996489533
4.16139055331671e-06,0.105809232654316,0.799577128239429,0.0946136391062549,0.0946136391062549,0.0111955935480611,0.999999647644848
4.27821420176762e-06,0.103294544581638,0.804080673620389,0.0926247817979729,0.0926247817979728,0.0106697627836653,0.99999964636964
4.39831746665023e-06,0.100828925608664,0.808508620875039,0.090662453516297,0.090662453516297,0.0101664720923665,0.999999645126981
4.5217924173707e-06,0.0984120246103372,0.812860877229314,0.088727098160349,0.088727098160349,0.00968492644998814,0.999999643916176
4.64873370802026e-06,0.0960434542587012,0.817137436459239,0.0868191092820596,0.0868191092820596,0.00922434497664165,0.999999642736535
4.7792386499356e-06,0.0937227936812913,0.821338374571681,0.0849388317470279,0.0849388317470278,0.0087839619342634,0.99999964158737
4.91340728629636e-06,0.0914495910363137,0.825463845514602,0.0830865634490844,0.0830865634490843,0.00836302758722935,0.999999640468001
5.05134246881677e-06,0.0892233660004053,0.829514076933399,0.081262557066196,0.081262557066196,0.00796080893420932,0.999999639377752
5.19314993659021e-06,0.0870436121657355,0.833489365987986,0.079467021846279,0.079467021846279,0.0075765903194565,0.999999638315955
5.33893839714736e-06,0.0849097993440835,0.837390075243517,0.0777001254123998,0.0777001254123999,0.00720967393168369,0.999999637281947
