1e-09,0.499718709873541,0.250281369255291,0.499999841742336,0.249718789002373,0.999999999412753
1.02807322383086e-09,0.499710811282853,0.250289272352089,0.499999832730115,0.249710894917796,0.999999999396274
1.05693455355799e-09,0.499702690866858,0.250297397530827,0.499999823204631,0.249702779264543,0.999999999379334
1.0866061138546e-09,0.499694342393293,0.250305751038383,0.499999813136648,0.249694435824969,0.999999999361918
1.11711065050482e-09,0.499685759454655,0.250314339297712,0.499999802495266,0.249685858207022,0.999999999344013
1.14847154784029e-09,0.499676935463269,0.25032316891282,0.499999791247822,0.249677039839358,0.999999999325607
1.18071284666619e-09,0.499667863646209,0.250332246673894,0.499999779359794,0.249667973966312,0.999999999306684
1.21385926269063e-09,0.499658537040083,0.250341579562571,0.499999766794691,0.249658653642738,0.999999999287231
1.24793620547131e-09,0.499648948485667,0.25035117475736,0.499999753513945,0.249649071728695,0.999999999267232
1.28296979789415e-09,0.499639090622386,0.250361039639219,0.49999973947679,0.249639220883991,0.999999999246672
1.31898689619867e-09,0.49962895588264,0.250371181797292,0.499999724640135,0.249629093562573,0.999999999225536
1.35601511056563e-09,0.499618536485975,0.250381609034807,0.499999708958435,0.249618682006757,0.999999999203807
1.39408282628258e-09,0.499607824433078,0.250392329375146,0.499999692383552,0.249607978241302,0.999999999181469
1.43321922550358e-09,0.499596811499611,0.250403351068089,0.499999674864601,0.249596974067311,0.999999999158504
1.47345430961984e-09,0.49958548922987,0.250414682596231,0.499999656347799,0.24958566105597,0.999999999134895
1.51481892225835e-09,0.499573848930259,0.250426332681592,0.499999636776298,0.24957403054211,0.999999999110625
1.55734477292614e-09,0.499561881662584,0.25043831029241,0.499999616090012,0.249562073617578,0.999999999085674
1.60106446131832e-09,0.499549578237156,0.25045062465013,0.499999594225427,0.249549781124443,0.999999999060024
1.64601150230855e-09,0.499536929205699,0.250463285236595,0.499999571115411,0.249537143647993,0.999999999033654
1.69222035164104e-09,0.499523924854052,0.250476301801443,0.499999546689009,0.249524151509548,0.999999999006546
1.7397264323438e-09,0.499510555194677,0.250489684369715,0.499999520871216,0.249510794759069,0.999999998978677
1.78856616188346e-09,0.499496809958937,0.250503443249685,0.499999493582756,0.249497063167558,0.999999998950027
1.83877698008233e-09,0.49948267858917,0.250517589040913,0.499999464739834,0.249482946219253,0.999999998920575
1.89039737781922e-09,0.499468150230533,0.250532132642528,0.499999434253878,0.249468433103594,0.999999998890296
1.94346692653602e-09,0.49945321372261,0.250547085261757,0.499999402031266,0.249453512706977,0.99999999885917
1.99802630857255e-09,0.499437857590789,0.250562458422689,0.499999367973042,0.249438173604268,0.99999999882717
2.05411734835306e-09,0.499422070037393,0.250578263975304,0.499999331974607,0.249422404050089,0.999999998794274
2.11178304444824e-09,0.49940583893255,0.25059451410475,0.499999293925399,0.249406191969851,0.999999998760457
2.17106760253726e-09,0.499389151804822,0.250611221340901,0.499999253708554,0.249389524950545,0.999999998725691
2.23201646929523e-09,0.499371995831548,0.25062839856818,0.499999211200544,0.249372390231276,0.999999998689952
2.29467636723194e-09,0.499354357828925,0.250646059035676,0.499999166270798,0.249354774693526,0.999999998653211
2.35909533050864e-09,0.499336224241804,0.250664216367544,0.499999118781303,0.249336664851153,0.999999998615441
2.42532274176036e-09,0.499317581133195,0.250682884573718,0.499999068586174,0.249318046840108,0.999999998576613
2.49340936995188e-09,0.499298414173472,0.250702078060924,0.499999015531207,0.249298906407869,0.999999998536697
2.56340740929651e-09,0.499278708629276,0.25072181164402,0.499998959453408,0.249279228902572,0.999999998495663
2.63537051926739e-09,0.499258449352095,0.250742100557662,0.499998900180486,0.249258999261852,0.999999998453479
2.70935386573205e-09,0.499237620766525,0.250762960468313,0.499998837530324,0.249238202001363,0.999999998410114
2.78541416324176e-09,0.499216206858193,0.250784407486597,0.499998771310419,0.249216821202984,0.999999998365535
2.86360971850811e-09,0.499194191161337,0.250806458180017,0.499998701317291,0.249194840502692,0.999999998319707
2.94400047510004e-09,0.499171556746033,0.250829129586042,0.499998627335851,0.249172243078107,0.999999998272595
3.0266480593957e-09,0.499148286205053,0.250852439225575,0.499998549138744,0.249149011635681,0.999999998224165
3.11161582782436e-09,0.499124361640356,0.250876405116822,0.499998466485645,0.249125128397533,0.999999998174379
3.19896891543454e-09,0.499099764649184,0.250901045789556,0.499998379122521,0.249100575087924,0.999999998123199
3.28877428582551e-09,0.499074476309771,0.250926380299807,0.499998286780844,0.249075332919349,0.999999998070585
3.38110078248068e-09,0.499048477166634,0.250952428244982,0.499998189176769,0.249049382578249,0.9999999980165
3.47601918154197e-09,0.499021747215449,0.250979209779423,0.499998086010256,0.24902270421032,0.9999999979609
3.57360224606578e-09,0.498994265887494,0.251006745630434,0.499997976964145,0.248995277405421,0.999999997903744
3.67392478180208e-09,0.498966012033647,0.251035057114764,0.499997861703178,0.248967081182058,0.999999997844989
3.77706369453937e-09,0.498936963907924,0.251064166155593,0.499997739872966,0.248938093971441,0.99999999778459
3.88309804905961e-09,0.498907099150546,0.251094095300006,0.499997611098896,0.248908293601098,0.999999997722501
3.99210912974805e-09,0.498876394770525,0.251124867736988,0.499997474984975,0.248877657278037,0.999999997658674
4.10418050290471e-09,0.498844827127741,0.251156507315955,0.499997331112609,0.248846161571436,0.999999997593062
4.21939808080502e-09,0.498812371914518,0.251189038565828,0.499997179039309,0.248813782394863,0.999999997525615
4.33785018755898e-09,0.49877900413666,0.251222486714675,0.49999701829733,0.248780494987995,0.999999997456282
4.45962762681909e-09,0.498744698093949,0.25125687770994,0.499996848392223,0.248746273897837,0.999999997385009
4.58482375138911e-09,0.498709427360077,0.251292238239268,0.49999666880131,0.248711092959422,0.999999997311744
4.71353453478692e-09,0.498673164762009,0.251328595751955,0.499996478972071,0.248674925275974,0.99999999723643
4.8458586448165e-09,0.498635882358745,0.251365978481037,0.499996278320437,0.248637743198526,0.99999999715901
4.98189751920517e-09,0.498597551419472,0.251404415466036,0.499996066228984,0.24859951830498,0.999999997079426
5.12175544336424e-09,0.498558142401092,0.251443936576394,0.499995842045028,0.248560221378577,0.999999996997618
5.26553963033276e-09,0.498517624925094,0.251484572535601,0.49999560507861,0.248519822385789,0.999999996913524
5.41336030296538e-09,0.498475967753768,0.251526354946053,0.499995354600358,0.248478290453589,0.99999999682708
5.56533077842764e-09,0.498433138765724,0.251569316314658,0.499995089839236,0.248435593846106,0.99999999673822
5.72156755506324e-09,0.498389104930709,0.251613490079211,0.499994809980159,0.248391699940629,0.999999996646879
5.88219040169997e-09,0.498343832283696,0.251658910635567,0.499994514161473,0.24834657520296,0.999999996552986
6.04732244946265e-09,0.498297285898223,0.251705613365633,0.499994201472289,0.248300185162079,0.99999999645647
6.21709028616383e-09,0.498249429858958,0.251753634666211,0.499993870949662,0.248252494384126,0.99999999635726
6.39162405334401e-09,0.498200227233473,0.251803011978718,0.499993521575618,0.248203466445664,0.99999999625528
6.57105754603627e-09,0.498149640043201,0.251853783819802,0.499993152273994,0.248153063906204,0.999999996150453
6.75552831533164e-09,0.498097629233544,0.2519059898129,0.499992761907112,0.248101248279988,0.999999996042701
6.94517777382369e-09,0.498044154643119,0.251959670720755,0.499992349272253,0.248047980006992,0.999999995931941
7.14015130401339e-09,0.49798917497211,0.252014868478925,0.499991913097931,0.247993218423144,0.999999995818092
7.3405983697572e-09,0.497932647749698,0.252071626230326,0.499991452039953,0.247936921729721,0.999999995701066
7.5466726308439e-09,0.497874529300544,0.252129988360829,0.499990964677254,0.247879046961917,0.999999995580776
7.75853206078784e-09,0.497814774710299,0.252190000535957,0.499990449507488,0.247819549956555,0.999999995457132
7.97633906792928e-09,0.497753337790099,0.252251709738715,0.499989904942373,0.247758385318912,0.999999995330041
8.20026061993413e-09,0.497690171040037,0.252315164308584,0.499989329302758,0.247695506388658,0.999999995199407
8.43046837178897e-09,0.497625225611564,0.252380413981729,0.499988720813416,0.247630865204855,0.999999995065132
8.66713879738922e-09,0.49755845126878,0.252447509932453,0.499988077597533,0.247564412470014,0.999999994927117
8.9104533248215e-09,0.497489796348616,0.252516504815945,0.499987397670878,0.247496097513177,0.999999994785256
9.16059847544369e-09,0.497419207719826,0.252587452812354,0.499986678935641,0.247425868252005,0.999999994639444
9.41776600686954e-09,0.497346630740791,0.252660409672251,0.499985919173915,0.247353671153834,0.999999994489572
9.6821530599671e-09,0.497272009216088,0.252735432763512,0.4999851160408,0.247279451195688,0.999999994335528
9.95396230998424e-09,0.49719528535177,0.252812581119673,0.499984267057114,0.247203151823213,0.999999994177197
1.02334021219164e-08,0.497116399709346,0.252891915489815,0.499983369601679,0.247124714908507,0.99999999401446
1.05206867102362e-08,0.497035291158399,0.252973498390019,0.499982420903164,0.247044080706817,0.999999993847196
1.08160363031071e-08,0.496951896827814,0.253057394156455,0.499981418031463,0.246961187812082,0.999999993675281
1.1119677311207e-08,0.49686615205556,0.253143669000158,0.499980357888565,0.246875973111277,0.999999993498585
1.14318425012915e-08,0.496777990337004,0.253232391063544,0.499979237198905,0.246788371737551,0.999999993316978
1.17527711746295e-08,0.496687343271685,0.253323630478737,0.499978052499156,0.246698317022107,0.999999993130326
1.20827093504478e-08,0.496594140508524,0.253417459427762,0.499976800127428,0.24660574044481,0.999999992938487
1.24219099545262e-08,0.496498309689404,0.253513952204671,0.499975476211849,0.24651057158348,0.999999992741322
1.27706330130864e-08,0.49639977639109,0.253613185279669,0.499974076658482,0.246412738061849,0.999999992538682
1.31291458521247e-08,0.496298464065414,0.253715237365316,0.499972597138541,0.246312165496143,0.999999992330419
1.34977233023394e-08,0.496194293977692,0.25382018948487,0.499971033074876,0.246208777440254,0.999999992116378
1.38766479098131e-08,0.496087185143311,0.253928125042856,0.499969379627666,0.246102495329479,0.9999999918964
1.42662101526074e-08,0.495977054262428,0.254039129897928,0.499967631679289,0.245993238422783,0.999999991670324
1.46667086634397e-08,0.495863815652718,0.254153292438124,0.499965783818318,0.245880923743559,0.999999991437982
1.50784504586105e-08,0.495747381180131,0.254270703658578,0.499963830322584,0.245765466018839,0.999999991199203
1.55017511733577e-08,0.495627660187569,0.2543914572418,0.499961765141263,0.245646777616938,0.999999990953812
1.59369353038178e-08,0.495504559421443,0.254515649640598,0.499959581875919,0.245524768483483,0.999999990701627
1.63843364557798e-08,0.495377982956022,0.254643380163751,0.499957273760454,0.245399346075795,0.999999990442464
1.68442976004231e-08,0.495247832115532,0.254774751064525,0.499954833639886,0.245270415295589,0.999999990176132
1.73171713372335e-08,0.495114005393905,0.254909867632142,0.499952253947906,0.245137878419952,0.999999989902437
1.78033201643011e-08,0.494976398372134,0.255048838286306,0.499949526683119,0.245001635030575,0.999999989621178
1.83031167562061e-08,0.494834903633138,0.255191774674903,0.499946643383917,0.24486158194118,0.99999998933215
1.88169442497056e-08,0.494689410674072,0.255338791774988,0.49994359510188,0.244717613123132,0.999999989035142
1.93451965374404e-08,0.494539805815998,0.255490007997183,0.499940372373639,0.244569619629179,0.999999988729937
1.98882785698881e-08,0.494385972110835,0.255645545293617,0.499936965191097,0.244417489515286,0.999999988416314
2.04466066657912e-08,0.494227789245507,0.255805529269534,0.499933362969918,0.244261107760548,0.999999988094044
2.10206088313016e-08,0.494065133443197,0.255970089298713,0.499929554516181,0.244100356185106,0.999999987762895
2.16107250880838e-08,0.493897877361621,0.256139358642833,0.499925527991091,0.243935113366076,0.999999987422627
2.22174078106288e-08,0.49372588998823,0.256313474574954,0.499921270873632,0.243765254551414,0.999999987072992
2.28411220730383e-08,0.493549036532238,0.25649257850724,0.499916769921044,0.243590651571716,0.999999986713741
2.34823460055428e-08,0.493367178313388,0.256676816123116,0.499912011126993,0.243411172749891,0.999999986344613
2.41415711610302e-08,0.493180172647347,0.256866337514005,0.499906979677296,0.243226682808699,0.999999985965344
2.48193028918626e-08,0.492987872727632,0.257061297320835,0.499901659903066,0.243037042776099,0.999999985575662
2.55160607372719e-08,0.492790127503952,0.25726185488049,0.499896035231115,0.242842109888395,0.999999985175287
2.62323788216312e-08,0.492586781556865,0.257468174377407,0.499890088131458,0.242641737491136,0.999999984763934
2.69688062639069e-08,0.492377674968626,0.257680425000502,0.499883800061746,0.242435774937753,0.99999998434131
2.77259075986048e-08,0.492162643190124,0.25789878110565,0.499877151408451,0.242224067485899,0.999999983907114
2.85042632085343e-08,0.491941516903776,0.258123422383924,0.499870121424601,0.242006456191475,0.999999983461038
2.93044697697214e-08,0.491714121882251,0.258354534035812,0.499862688163874,0.241782777800314,0.999999983002766
3.01271407088116e-08,0.49148027884292,0.258592306951667,0.499854828410824,0.241552864637508,0.999999982531976
3.09729066733141e-08,0.491239803297876,0.258836937898613,0.499846517607022,0.241316544494365,0.999999982048335
3.18424160150466e-08,0.490992505399406,0.259088629714165,0.499837729772859,0.241073640512977,0.999999981551503
3.27363352871525e-08,0.490738189780777,0.259347591506843,0.499828437424759,0.240823971068398,0.999999981041134
3.36553497550709e-08,0.490476655392196,0.259614038864034,0.49981861148754,0.240567349648426,0.99999998051687
3.46001639218511e-08,0.490207695331793,0.2598881940674,0.499808221201615,0.240303584730986,0.999999979978346
3.55715020682138e-08,0.489931096671495,0.260170286316132,0.499797234024747,0.240032479659121,0.999999979425189
3.65701088077749e-08,0.489646640277632,0.260460551958354,0.499785615528027,0.239753832513619,0.999999978857015
3.75967496578547e-08,0.489354100626128,0.260759234731007,0.49977332928573,0.239467435983263,0.999999978273432
3.86522116263126e-08,0.489053245612113,0.26106658600854,0.499760336758693,0.239173077232767,0.99999997767404
3.97373038148561e-08,0.488743836353815,0.261382865060771,0.499746597170828,0.238870537768401,0.999999977058428
4.08528580392857e-08,0.488425626990551,0.261708339320266,0.499732067378366,0.238559593301368,0.999999976426175
4.19997294671531e-08,0.488098364474672,0.262043284659634,0.499716701731389,0.238240013608977,0.999999975776851
4.31787972733202e-08,0.487761788357288,0.262387985679103,0.499700451927218,0.237911562393679,0.999999975110017
4.43909653139217e-08,0.487415630567608,0.262742736004819,0.499683266855147,0.237573997140034,0.999999974425222
4.56371628192476e-08,0.487059615185727,0.263107838598257,0.499665092432032,0.237227068969711,0.999999973722005
4.6918345106078e-08,0.486693458208695,0.263483606077215,0.499645871428179,0.236870522494606,0.999999972999898
4.82354943100147e-08,0.486316867309692,0.263870361048823,0.499625543282969,0.236504095668208,0.999999972258418
4.95896201383721e-08,0.485929541590146,0.26426843645505,0.499604043909607,0.236127519635343,0.999999971497073
5.09817606442043e-08,0.485531171324622,0.264678175931204,0.499581305488349,0.235740518580447,0.999999970715362
5.24129830220606e-08,0.485121437698313,0.265099934177919,0.499557256247534,0.235342809574546,0.99999996991277
5.38843844260822e-08,0.484700012536983,0.265534077347164,0.499531820231705,0.234934102421131,0.999999969088773
5.5397092811064e-08,0.484266558029172,0.265980983442807,0.499504917056041,0.234514099501152,0.999999968242837
5.69522677971282e-08,0.483820726440537,0.266441042736304,0.499476461646319,0.234082495617377,0.999999967374414
5.85511015586724e-08,0.483362159820156,0.266914658198077,0.499446363963534,0.233638977838389,0.999999966482947
6.01948197382727e-08,0.482890489698663,0.26740224594519,0.499414528712294,0.233183225342517,0.999999965567865
6.18846823862438e-08,0.482405336778074,0.267904235705913,0.499380855032027,0.232714909262061,0.999999964628589
6.3621984926575e-08,0.481906310613169,0.268421071301826,0.499345236170009,0.232233692528165,0.999999963664525
6.54080591499826e-08,0.481393009284338,0.26895321114809,0.499307559135144,0.231739229716766,0.999999962675072
6.72442742348425e-08,0.480865019061769,0.269501128772542,0.499267704331379,0.23123116689608,0.999999961659612
6.91320377967813e-08,0.480321914060912,0.2700653133543,0.499225545169576,0.230709141476124,0.999999960617519
7.10727969677341e-08,0.479763255889148,0.27064627028255,0.499180947656603,0.230172782060846,0.999999959548155
7.30680395052951e-08,0.479188593283626,0.271244521736217,0.499133769960313,0.22962170830347,0.999999958450871
7.51192949332097e-08,0.478597461740254,0.27186060728522,0.499083861949053,0.229055530765727,0.999999957325004
7.72281357138864e-08,0.477989383133858,0.272495084514027,0.499031064704231,0.228473850781742,0.999999956169882
7.93961784538228e-08,0.477363865329564,0.273148529668224,0.498975210004426,0.22787626032735,0.999999954984823
8.16250851428724e-08,0.476720401785485,0.273821538324809,0.498916119779413,0.227262341895779,0.999999953769129
8.39165644283016e-08,0.476058471146856,0.274514726086927,0.498853605532435,0.226631668380638,0.999999952522097
8.62723729246145e-08,0.475377536831784,0.275228729303745,0.498787467728942,0.225983802967313,0.999999951243008
8.8694316560147e-08,0.474677046608876,0.275964205816159,0.49871749514993,0.225318299033911,0.999999949931137
9.11842519614656e-08,0.473956432167025,0.276721835728998,0.498643464207953,0.224634700063048,0.999999948585746
9.374408787663e-08,0.473215108677741,0.277502322210378,0.498565138223761,0.223932539565861,0.999999947206088
9.63757866384109e-08,0.472452474350485,0.278306392318793,0.498482266661444,0.223211341019764,0.999999945791406
9.90813656685867e-08,0.471667909981542,0.27913479785852,0.498394584319875,0.222470617821605,0.999999944340936
1.01862899024469e-07,0.470860778497085,0.279988316263846,0.498301810478138,0.221709873258017,0.999999942853902
1.04722518988844e-07,0.470030424491192,0.280867751512531,0.498203647992554,0.220928600494916,0.999999941329523
1.07662417704549e-07,0.469176173759696,0.281773935068893,0.498099782342821,0.220126282588286,0.999999939767008
1.10684848854941e-07,0.468297332830899,0.282707726856747,0.497989880624709,0.219302392518544,0.999999938165562
1.13792129391531e-07,0.46739318849433,0.283670016262342,0.497873590486656,0.218456393251002,0.999999936524382
1.16986641310131e-07,0.466463007328913,0.284661723167311,0.497750539007552,0.217587737825136,0.999999934842658
1.20270833476851e-07,0.465506035232078,0.285683799011458,0.497620331512928,0.216695869475614,0.999999933119581
1.23647223505371e-07,0.46452149695161,0.286737227885039,0.497482550326703,0.215780221788258,0.999999931354332
1.27118399686903e-07,0.463508595622213,0.287823027649983,0.497336753455609,0.214840218894408,0.999999929546094
1.30687022974335e-07,0.462466512309083,0.288942251089227,0.497182473203381,0.213875275707392,0.999999927694048
1.34355829022083e-07,0.461394405561037,0.290095987083067,0.497019214711793,0.21288479820514,0.999999925797373
1.38127630283201e-07,0.460291410976091,0.291285361811093,0.49684645442563,0.211868183763277,0.999999923855252
1.42005318165368e-07,0.459156640782739,0.292511539977896,0.496663638478729,0.210824821543375,0.999999921866869
1.45991865247398e-07,0.457989183440548,0.293775726060299,0.496470180998305,0.209754092941396,0.999999919831413
1.50090327557974e-07,0.456788103264169,0.295079165573394,0.496265462324874,0.208655372101732,0.999999917748078
1.54303846918356e-07,0.455552440075295,0.296423146352079,0.496048827145253,0.207528026502668,0.999999915616069
1.58635653350859e-07,0.454281208887639,0.297808999844199,0.495819582536325,0.206371417619476,0.999999913434598
1.63089067554933e-07,0.452973399630593,0.299238102410643,0.495576995917528,0.205184901671829,0.99999991120289
1.6766750345277e-07,0.451627976917838,0.300711876626981,0.495320292910362,0.203967830462657,0.999999908920186
1.72374470806362e-07,0.450243879867865,0.302231792580311,0.495048655103648,0.202719552316041,0.999999906585742
1.77213577908036e-07,0.448820021984142,0.303799369153973,0.494761217723769,0.201439413122258,0.999999904198835
1.82188534346517e-07,0.447355291103454,0.30541617529166,0.494457067209772,0.200126757498568,0.999999901758764
1.87303153850643e-07,0.445848549421844,0.307083831231184,0.494135238693942,0.198780930074873,0.999999899264853
1.9256135721292e-07,0.444298633608549,0.308804009696771,0.493794713389359,0.19740127691387,0.999999896716457
1.97967175295133e-07,0.442704355019371,0.310578437037133,0.493434415886992,0.195987147075874,0.999999894112962
2.03524752118358e-07,0.441064500022036,0.312408894294903,0.493053211366122,0.194537894338975,0.999999891453791
2.09238348039698e-07,0.439377830447331,0.314297218191016,0.492649902723306,0.193052879085678,0.999999888738405
2.15112343018217e-07,0.437643084181063,0.316245302005551,0.492223227626772,0.191531470367677,0.999999885966312
2.21151239972549e-07,0.435858975913315,0.318255096334172,0.491771855505025,0.189973048160803,0.999999883137068
2.27359668232772e-07,0.434024198062911,0.320328609696755,0.491294384480668,0.188377005822577,0.999999880250282
2.33742387089181e-07,0.43213742189655,0.322467908971982,0.490789338262937,0.186742752765081,0.999999877305623
2.40304289440697e-07,0.430197298863723,0.324675119628624,0.490255163015306,0.18506971735607,0.999999874302821
2.47050405545683e-07,0.428202462170199,0.32695242572092,0.489690224217761,0.183357350061318,0.999999871241679
2.53985906878073e-07,0.426151528614615,0.329302069611888,0.489092803546995,0.181605126841117,0.999999868122072
2.61116110091746e-07,0.424043100714514,0.331726351384566,0.48846109580184,0.179812552813594,0.999999864943957
2.68446481096197e-07,0.421875769149965,0.3342276278971,0.487793205905869,0.177979166197031,0.999999861707381
2.75982639246618e-07,0.419648115554685,0.336808311433245,0.487087146024139,0.176104542542615,0.999999858412482
2.83730361651621e-07,0.417358715686347,0.339470867895308,0.48634083283669,0.174188299268002,0.9999998550595
2.91695587601879e-07,0.415006143009385,0.342217814481843,0.485552085017544,0.172230100500613,0.999999851648785
2.99884423123102e-07,0.412588972725115,0.345051716787526,0.484718620974719,0.170229662237755,0.9999998481808
3.08303145656828e-07,0.410105786285245,0.347975185257747,0.483838056914016,0.168186757828237,0.999999844656132
3.16958208872612e-07,0.407555176425866,0.350990870925543,0.482907905297183,0.166101223777275,0.999999841075499
3.25856247615323e-07,0.404935752759531,0.354101460353771,0.481925573773395,0.163972965872833,0.999999837439757
3.35004082991314e-07,0.402246147963158,0.357309669700968,0.480888364671747,0.161801965627285,0.999999833749909
3.44408727597382e-07,0.399485024598876,0.360618237825346,0.479793475151556,0.159588287023098,0.999999830007113
3.54077390896527e-07,0.396651082603591,0.3640299183381,0.478637998116616,0.157332083545283,0.999999826212688
3.64017484744614e-07,0.393743067480732,0.367547470514833,0.47741892400887,0.155033605476297,0.999999822368122
3.74236629072198e-07,0.390759779224161,0.371173648972786,0.476133143606104,0.152693207421109,0.999999818475083
3.84742657725851e-07,0.387700081999448,0.374911192022083,0.474777451956938,0.150311356020979,0.999999814535423
3.9554362447347e-07,0.384562914601305,0.378762808601634,0.473348553594123,0.147888637804244,0.999999810551186
4.06647809178186e-07,0.381347301697851,0.382731163715308,0.471843069173683,0.145425767111009,0.999999806524612
4.18063724145576e-07,0.378052365862155,0.386818862291815,0.470257543692061,0.142923594016124,0.999999802458148
4.2980012064908e-07,0.374677340379091,0.391028431403072,0.468588456435675,0.140383112161253,0.999999798354449
4.41865995638594e-07,0.371221582800634,0.395362300791154,0.466832232816424,0.137805466392422,0.999999794216379
4.54270598637404e-07,0.367684589205209,0.399822781673835,0.464985258241912,0.135191960084253,0.999999790047023
4.67023438832733e-07,0.364066009096407,0.404412043823738,0.46304389415971,0.132544062016552,0.999999785849677
4.80134292365345e-07,0.360365660853333,0.409132090946702,0.46100449639993,0.129863412653368,0.999999781627859
4.93613209823792e-07,0.356583547618993,0.413984734421565,0.458863435918884,0.127151829659551,0.999999777385297
5.07470523949047e-07,0.352719873484758,0.418971565506356,0.456617122017774,0.124411312475871,0.999999773125932
5.21716857555435e-07,0.348775059798334,0.42409392616496,0.454262028073413,0.121644045761627,0.999999768853912
5.36363131673925e-07,0.344749761390392,0.429352878723419,0.451794719772379,0.118852401504203,0.999999764573578
5.5142057392403e-07,0.340644882481802,0.43474917462559,0.449211885785216,0.116038939589194,0.99999976028946
5.66900727120743e-07,0.336461592000307,0.440283222622956,0.446510370753473,0.113206406623571,0.999999756006261
5.82815458123084e-07,0.33220133800368,0.445955056801478,0.443687210389684,0.110357732808838,0.99999975172884
5.99176966931061e-07,0.327865860877462,0.451764304917594,0.440739668409888,0.107496026672518,0.999999747462193
6.15997796038017e-07,0.323457204951007,0.457710157583266,0.437665274931454,0.104624567485279,0.999999743211434
6.33290840045511e-07,0.31897772815767,0.463791338903346,0.434461865877967,0.101746795218686,0.99999973898177
6.51069355548147e-07,0.314430109355643,0.470006079223949,0.431127622840818,0.0988662979352337,0.99999973477847
6.69346971295867e-07,0.309817352927126,0.476352090694131,0.427661112757486,0.0959867965483833,0.99999973060684
6.88137698641567e-07,0.305142790287246,0.482826546370899,0.424061326683709,0.0931121269453917,0.999999726472189
7.07455942281988e-07,0.300410077961915,0.489426063605258,0.420327716865653,0.0902462195290888,0.999999722379794
7.27316511300145e-07,0.29562319193696,0.496146692431064,0.416460231263952,0.0873930763049839,0.999999718334866
7.47734630517758e-07,0.290786418039797,0.502983909635538,0.412459344649329,0.084556745715133,0.999999714342512
7.68725952166374e-07,0.285904338189497,0.509932619118428,0.40832608538415,0.0817412954974227,0.9999997104077
7.90306567886135e-07,0.280981812440053,0.516987159045016,0.404062057029861,0.078950783925123,0.999999706535221
8.12493021061405e-07,0.276023956842895,0.52414131616731,0.399669453979591,0.0761892298530992,0.999999702729651
8.35302319502679e-07,0.271036117264925,0.53138834753028,0.39515107040959,0.0734605820601296,0.999999698995319
8.58751948484518e-07,0.266023839413493,0.538721009600554,0.390510301971905,0.0707686884275407,0.999999695336272
8.82859884149515e-07,0.260992835434835,0.546131594659667,0.385751139810998,0.0681172655293359,0.999999691756248
9.07644607288536e-07,0.255948947562247,0.553611974100797,0.380878156673911,0.0655098692252917,0.999999688258645
9.33125117507824e-07,0.250898109389097,0.561153648065888,0.375896485090029,0.0629498668440826,0.999999684846506
9.59320947793823e-07,0.245846305424336,0.5687478006688,0.370811787813729,0.0604404115174711,0.99999968152249
9.86252179486878e-07,0.240799529650007,0.576385359879274,0.365630220941437,0.0579844191792888,0.999999678288872
1.01393945767529e-06,0.235763743837583,0.584057061000782,0.360358390323271,0.0555845486759473,0.999999675147521
1.04240400702156e-06,0.230744836390618,0.591753512570157,0.35500330207845,0.0532431853513927,0.99999967209991
1.07166764803286e-06,0.225748582464537,0.599465263443559,0.349572308183809,0.050962428372632,0.999999669147106
1.10175281378839e-06,0.220780606071073,0.607182869814685,0.344073048228483,0.0487440819568314,0.999999666289785
1.13268256713615e-06,0.2158463448076,0.614896960937416,0.338513388509967,0.0465896505526168,0.999999663528237
1.16448061837269e-06,0.210951017763892,0.622598302393882,0.332901359684451,0.0445003379216669,0.999999660862388
1.19717134341897e-06,0.206099597055629,0.630277855855556,0.32724509417763,0.0424770499668142,0.999999658291811
1.23077980250667e-06,0.201296783320592,0.637926834422623,0.32155276451357,0.0405204010638074,0.999999655815754
1.26533175938894e-06,0.196546985395593,0.645536752787738,0.315832523633339,0.0386307235789234,0.999999653433162
1.30085370109057e-06,0.191854304275257,0.653099471645475,0.310092448158536,0.0368080801959885,0.999999651142701
1.3373728582125e-06,0.187222521342773,0.660607235949684,0.304340485415087,0.0350522786352291,0.99999964894279
1.37491722580642e-06,0.182655090761708,0.668052706799365,0.298584404877855,0.0333628883227808,0.999999646831627
1.4135155848354e-06,0.17815513583022,0.675428986902374,0.292831754534812,0.0317392585628138,0.999999644807216
1.4531975242369e-06,0.173725449026526,0.682729639719373,0.287089822508202,0.0301805377724245,0.999999642867398
1.49399346360526e-06,0.169368495418379,0.689948702523767,0.281365604115709,0.0286856933605243,0.999999641009873
1.5359346765109e-06,0.165086419069669,0.69708069372405,0.275665774412561,0.027253531863389,0.999999639232235
1.57905331447418e-06,0.160881052053385,0.704120614881884,0.269996666129461,0.0258827189886549,0.999999637531985
1.62338243161228e-06,0.156753925670689,0.711063947922357,0.264364252813909,0.0245717992637346,0.999999635906566
1.66895600997803e-06,0.15270628347896,0.717906648073526,0.258774136895027,0.0233192150314466,0.999999634353375
1.71580898561001e-06,0.148739095745296,0.724645133092392,0.253231542324624,0.0221233245829836,0.999999632869788
1.76397727531405e-06,0.144853074963887,0.731276269336609,0.247741311399009,0.0209824192643823,0.999999631453174
1.8134978041965e-06,0.141048692103853,0.737797355228329,0.242307905335637,0.0198947394360348,0.999999630100914
1.86440853397049e-06,0.137326193286433,0.744206102631587,0.236935408163959,0.0188584892044539,0.999999628810412
1.91674849205681e-06,0.133685616625127,0.750500616630569,0.231627533488608,0.0178718498808228,0.999999627579107
1.9705578015018e-06,0.130126808997957,0.756679374155562,0.226387633692963,0.0169329921514751,0.999999626404484
2.02587771173502e-06,0.126649442556151,0.76274120185894,0.221218711169817,0.0160400869712423,0.999999625284084
2.08275063019052e-06,0.123253030807292,0.768685253597144,0.216123431191129,0.015191315211727,0.999999624215509
2.14122015481573e-06,0.119936944142594,0.774510987828051,0.21110413605871,0.0143848761132391,0.999999623196425
2.20133110749303e-06,0.11670042470696,0.780218145187848,0.206162860210384,0.0136189946017683,0.999999622224574
2.26312956839953e-06,0.113542600536523,0.785806726468343,0.201301345990268,0.0128919275413888,0.999999621297769
2.32666291133146e-06,0.110462498911397,0.791276971175577,0.196521059826053,0.0122019689983706,0.999999620413903
2.39197984002024e-06,0.107459058891309,0.796629336813866,0.191823208589651,0.0115474545964835,0.999999619570946
2.45913042546804e-06,0.104531143018762,0.801864479006453,0.187208755949571,0.0109267650439765,0.999999618766947
2.5281661443315e-06,0.10167754818861,0.806983232534713,0.182678438553354,0.0103383289119323,0.999999618000034
2.59913991838293e-06,0.0988970156945391,0.811986593352425,0.178232781906072,0.0097806247415031,0.999999617268415
2.67210615507944e-06,0.0961882404722877,0.816875701609721,0.173872115835983,0.00925218255429611,0.999999616570376
2.74712078927081e-06,0.0935498795666793,0.821651825702809,0.169596589461023,0.00875158483616784,0.999999615904277
2.82424132607844e-06,0.0909805598550152,0.826316347350138,0.165406185589693,0.00827746706016855,0.999999615268554
2.90352688497781e-06,0.0884788850632697,0.83087074768302,0.16130073450742,0.00782851780955968,0.999999614661716
2.98503824511873e-06,0.0860434421141293,0.835316594328612,0.157279927114518,0.00740347855687026,0.999999614082342
3.06883789191764e-06,0.0836728068474104,0.839655529455182,0.153343327394815,0.00700114315000297,0.99999961352908
3.15499006495809e-06,0.0813655491539854,0.843889258743575,0.14949038420488,0.00662035705154551,0.999999613000643
3.24356080723581e-06,0.0791202375642116,0.848019541244347,0.145720442382883,0.00626001637276988,0.999999612495807
3.33461801578637e-06,0.0769354433311454,0.852048180077069,0.142032753183571,0.00591906673935999,0.999999612013411
3.42823149373397e-06,0.0748097440476732,0.855977013926394,0.138426484051866,0.0055965020217402,0.99999961155235
3.52447300380159e-06,0.0727417268351942,0.859807909288612,0.134900727752388,0.00529136295900004,0.999999611111576
3.62341632332315e-06,0.0707299911397713,0.863542753422295,0.131454510875866,0.00500273570183815,0.999999610690093
3.72513730080021e-06,0.0687731511697719,0.867183447957137,0.128086801746183,0.00472975029668024,0.999999610286959
3.82971391404628e-06,0.0668698380070388,0.870731903116082,0.124796517753759,0.00447157913015951,0.999999609901277
3.93722632996347e-06,0.0650187014216023,0.874190032507258,0.121582532142279,0.00422743535046304,0.999999609532199
4.04775696599732e-06,0.0632184114179105,0.877559748443826,0.118443680276527,0.00399657127964702,0.999999609178918
4.16139055331671e-06,0.061467659538554,0.880842957751764,0.115378765419365,0.00377827682887161,0.999999608840672
4.27821420176762e-06,0.0597651599495077,0.884041558027583,0.112386564045819,0.00357187792659827,0.999999608516736
4.39831746665023e-06,0.0581096503290388,0.887157434310028,0.109465830721866,0.00337673496810595,0.999999608206423
4.5217924173707e-06,0.0564998925806316,0.890192456131931,0.106615302574874,0.00319224129319433,0.999999607909084
4.64873370802026e-06,0.0549346733885837,0.893148474920476,0.103833703381881,0.00301782169764309,0.999999607624101
4.7792386499356e-06,0.0534128046333233,0.896027321716212,0.101119747300929,0.0028529309828586,0.999999607350888
4.91340728629636e-06,0.051933123681999,0.898830805183159,0.0984721422696847,0.0026970525471567,0.999999607088893
5.05134246881677e-06,0.0504944935684912,0.901560709884293,0.0958895930944316,0.00254969702127539,0.999999606837588
5.19314993659021e-06,0.0490958030756962,0.90421879479859,0.0933708042514281,0.0024104009499821,0.999999606596475
5.33893839714736e-06,0.0477359667317292,0.906806792057554,0.090914482421434,0.0022787255210122,0.999999606365081
5.48881960978968e-06,0.0464139247305852,0.909326405880875,0.0885193387770806,0.0021542553420449,0.999999606142958
5.64290847126254e-06,0.0451286427867696,0.911779311692432,0.086184091041596,0.00203659726597155,0.999999605929679
5.80132310383338e-06,0.0438791119324822,0.914167155399371,0.0839074653362931,0.00192537926433566,0.999999605724841
5.96418494584246e-06,0.0426643482650743,0.916491552818362,0.0816881978331267,0.00182024934851091,0.99999960552806
6.13161884479577e-06,0.041483392651716,0.918754089234492,0.079525036227585,0.00172087453792344,0.999999605338973
6.30375315307127e-06,0.0403353103975025,0.920956319079414,0.0774167410461677,0.0016269398744186,0.999999605157235
6.48071982631197e-06,0.0392191908825699,0.923099765716559,0.0753620868017414,0.00153814748169925,0.999999604982517
6.66265452458115e-06,0.0381341471732091,0.925185921322218,0.0733598630091467,0.00145421566863575,0.999999604814508
6.84969671635745e-06,0.037079315611423,0.927216246852296,0.0714088750725622,0.00137487807514196,0.999999604652912
7.0419897854493e-06,0.0360538553868964,0.929192172085447,0.0695079450553125,0.00129988285924015,0.999999604497448
7.23968114091088e-06,0.0350569480948986,0.931115095734086,0.0676559123420305,0.0012289919238834,0.999999604347848
7.44292233004376e-06,0.0340877972832525,0.932986385615566,0.0658516342023625,0.00116198018207128,0.999999604203859
7.65186915457082e-06,0.0331456279911374,0.934807378876503,0.0640939862647197,0.00109863485877751,0.999999604065238
7.86668179007157e-06,0.0322296862821769,0.936579382263851,0.0623818629079436,0.00103875482820511,0.999999603931757
8.08752490877046e-06,0.0313392387739693,0.938303672436952,0.0607141775781568,0.0009821499848909,0.999999603803197
8.31456780577206e-06,0.0304735721659568,0.939981496315285,0.0590898630375156,0.000928640647199032,0.999999603679349
8.54798452884042e-06,0.029631992767297,0.941614071457173,0.0575078715510608,0.000878056991766595,0.999999603560015
8.78795401182133e-06,0.0288138260261885,0.943202586465119,0.0559671750173851,0.000830238517495918,0.999999603445008
9.03466021181053e-06,0.0280184160619117,0.944748201413897,0.0544667650483821,0.000785033537720616,0.999999603334147
9.2882922501725e-06,0.0272451252006815,0.946252048297852,0.0530056530029337,0.000742298699214633,0.999999603227261
9.54904455751808e-06,0.0264933335162529,0.947715231494248,0.0515828699789984,0.000701898526753737,0.999999603124187
9.81711702275218e-06,0.0257624383760864,0.949138828239807,0.0501974667682135,0.000663704991979625,0.999999603024771
1.00927151463057e-05,0.0250518539937607,0.950523889117846,0.0488485137767865,0.000627597105367493,0.999999602928864
1.03760501976691e-05,0.0243610109882132,0.951871438553712,0.0475351009161503,0.000593460530138007,0.999999602836324
1.06673393773486e-05,0.0236893559502889,0.953182475316427,0.0462563374665678,0.000561187217004974,0.999999602747017
1.09668059833687e-05,0.0230363510169996,0.954457973024693,0.0450113519166149,0.000530675058692164,0.999999602660815
1.12746795824495e-05,0.0224014734538135,0.955698880655575,0.0437992917812239,0.000501827563201558,0.999999602577594
1.15911961859889e-05,0.0217842152452337,0.956906123054391,0.0426193234007503,0.000474553544858564,0.999999602497238
1.19165984309856e-05,0.0211840826938604,0.958080601444482,0.0414706317233143,0.000448766832203219,0.999999602419634
1.22511357660412e-05,0.0206005960280834,0.959223193935674,0.0403524200724843,0.000424385991841282,0.999999602344676
1.25950646425836e-05,0.020033289018503,0.960334756030403,0.0392639099021874,0.000401334067409248,0.999999602272262
1.2948648711459e-05,0.0194817086031372,0.961416121126575,0.0382043405405764,0.000379538332849011,0.999999602202293
1.33121590250431e-05,0.0189454145214384,0.962468101016349,0.0371729689244259,0.000358930059225479,0.999999602134677
1.36858742450252e-05,0.0184239789571125,0.963491486380136,0.0361690693255022,0.000339444294361432,0.999999602069325
1.40700808560269e-05,0.0179169861897043,0.964487047275188,0.0351919330702151,0.000321019654596723,0.99999960200615
1.44650733852165e-05,0.0174240322548914,0.965455533618233,0.0342408682537508,0.000303598128015968,0.999999601945072
1.48711546280895e-05,0.0169447246134099,0.966397675661704,0.0333151994497724,0.000287124888523706,0.999999601886012
1.52886358805873e-05,0.0164786818285128,0.967314184463148,0.0324142674166793,0.000271548120173139,0.999999601828895
1.57178371777316e-05,0.0160255332518542,0.968205752347484,0.0315374288013235,0.000256818851192407,0.99999960177365
1.61590875389592e-05,0.0155849187176752,0.969073053361825,0.0306840558409988,0.000242890797175856,0.999999601720208
1.66127252203429e-05,0.0151564882451574,0.969916743722623,0.0298535360644397,0.000229720212937566,0.999999601668503
1.70790979738943e-05,0.0147399017488036,0.970737462254946,0.0290452719925,0.000217265752553625,0.999999601618473
1.75585633141447e-05,0.0143348287566955,0.971535830823749,0.0282586808391109,0.00020548833714,0.999999601570056
1.80514887922111e-05,0.0139409481364742,0.972312454756994,0.0274931942130644,0.000194351029941985,0.999999601523195
1.85582522775552e-05,0.013557947828885,0.973067923260561,0.0267482578211077,0.000183818918331122,0.999999601477834
1.90792422476527e-05,0.0131855245887225,0.973802809824884,0.0260233311727879,0.000173859002328563,0.99999960143392
1.96148580857943e-05,0.0128233837330123,0.974517672623269,0.025317887287438,0.000164440089293238,0.999999601391402
2.01655103872475e-05,0.0124712388962623,0.975213054901911,0.0246314124036544,0.000155532694435075,0.999999601350231
