1e-09,0.499687512684399,0.250312584963927,0.499999804703348,0.249687610332726,0.999999999500313
1.02807322383086e-09,0.499678739814269,0.250321363393842,0.499999793583779,0.24967884302238,0.999999999486294
1.05693455355799e-09,0.49966972066201,0.250330388422434,0.49999978183111,0.249669829746455,0.999999999471882
1.0866061138546e-09,0.499660448313744,0.250339666981607,0.499999769409297,0.249660563609095,0.999999999457066
1.11711065050482e-09,0.499650915661499,0.25034920619838,0.499999756280242,0.249651037521379,0.999999999441835
1.14847154784029e-09,0.499641115397768,0.250359013400393,0.499999742403677,0.24964124419593,0.999999999426176
1.18071284666619e-09,0.499631040009902,0.250369096121576,0.499999727737044,0.24963117614138,0.999999999410079
1.21385926269063e-09,0.499620681774354,0.250379462107966,0.49999971223536,0.249620825656674,0.999999999393531
1.24793620547131e-09,0.499610032750759,0.2503901193237,0.499999695851082,0.249610184825219,0.999999999376519
1.28296979789415e-09,0.499599084775848,0.250401075957173,0.499999678533959,0.249599245508869,0.999999999359029
1.31898689619867e-09,0.499587829457189,0.250412340427371,0.49999966023088,0.249587999341749,0.99999999934105
1.35601511056563e-09,0.499576258166756,0.250423921390389,0.49999964088571,0.249576437723901,0.999999999322567
1.39408282628258e-09,0.499564362034316,0.250435827746125,0.499999620439118,0.249564551814757,0.999999999303566
1.43321922550358e-09,0.49955213194063,0.250448068645172,0.499999598828395,0.249552332526432,0.999999999284032
1.47345430961984e-09,0.499539558510462,0.250460653495907,0.499999575987262,0.249539770516831,0.999999999263951
1.51481892225835e-09,0.499526632105396,0.250473591971771,0.499999551845665,0.249526856182564,0.999999999243307
1.55734477292614e-09,0.499513342816447,0.250486894018771,0.499999526329564,0.249513579651665,0.999999999222086
1.60106446131832e-09,0.499499680456464,0.250500569863185,0.499999499360701,0.249499930776114,0.999999999200269
1.64601150230855e-09,0.499485634552328,0.250514630019489,0.499999470856365,0.249485899124146,0.999999999177841
1.69222035164104e-09,0.499471194336921,0.250529085298512,0.499999440729134,0.249471473972354,0.999999999154785
1.7397264323438e-09,0.499456348740873,0.250543946815822,0.499999408886609,0.249456644297568,0.999999999131083
1.78856616188346e-09,0.499441086384082,0.250559226000352,0.499999375231132,0.249441398768516,0.999999999106717
1.83877698008233e-09,0.49942539556699,0.250574934603268,0.499999339659484,0.249425725737248,0.999999999081668
1.89039737781922e-09,0.499409264261618,0.250591084707098,0.499999302062567,0.249409613230334,0.999999999055918
1.94346692653602e-09,0.499392680102345,0.250607688735117,0.499999262325076,0.249393048939807,0.999999999029447
1.99802630857255e-09,0.499375630376437,0.250624759460994,0.499999220325139,0.249376020213867,0.999999999002234
2.05411734835306e-09,0.499358102014298,0.25064231001873,0.499999175933944,0.249358514047326,0.99999999897426
2.11178304444824e-09,0.49934008157946,0.250660353912865,0.499999129015349,0.249340517071786,0.999999998945502
2.17106760253726e-09,0.499321555258284,0.250678905028988,0.499999079425457,0.249322015545555,0.999999998915939
2.23201646929523e-09,0.499302508849372,0.250697977644537,0.499999027012182,0.249302995343281,0.999999998885549
2.29467636723194e-09,0.499282927752692,0.25071758643992,0.499998971614777,0.249283441945303,0.999999998854307
2.35909533050864e-09,0.499262796958381,0.250737746509948,0.499998913063343,0.249263340426709,0.999999998822191
2.42532274176036e-09,0.49924210103525,0.250758473375594,0.499998851178311,0.249242675446095,0.999999998789177
2.49340936995188e-09,0.49922082411896,0.250779782996097,0.499998785769885,0.249221431234018,0.999999998755238
2.56340740929651e-09,0.499198949899863,0.250801691781403,0.499998716637467,0.24919959158113,0.99999999872035
2.63537051926739e-09,0.499176461610508,0.250824216604975,0.499998643569035,0.249177139825991,0.999999998684485
2.70935386573205e-09,0.499153342012794,0.250847374816957,0.499998566340498,0.249154058842545,0.999999998647617
2.78541416324176e-09,0.499129573384762,0.250871184257734,0.499998484715007,0.249130331027258,0.999999998609717
2.86360971850811e-09,0.49910513750702,0.250895663271865,0.49999839844223,0.249105938285905,0.999999998570758
2.94400047510004e-09,0.499080015648783,0.250920830722427,0.49999830725758,0.249080862019993,0.999999998530708
3.0266480593957e-09,0.499054188553525,0.250946706005771,0.499998210881408,0.249055083112821,0.999999998489538
3.11161582782436e-09,0.499027636424229,0.250973309066699,0.499998109018146,0.249028581915156,0.999999998447218
3.19896891543454e-09,0.499000338908217,0.251000660414085,0.499998001355396,0.249001338230519,0.999999998403713
3.28877428582551e-09,0.498972275081568,0.251028781136944,0.499997887562977,0.24897333130008,0.999999998358993
3.38110078248068e-09,0.498943423433086,0.251057692920959,0.499997767291909,0.248944539787132,0.999999998313022
3.47601918154197e-09,0.498913761847827,0.2510874180655,0.499997640173346,0.248914941761154,0.999999998265766
3.57360224606578e-09,0.49888326759016,0.251117979501119,0.499997505817442,0.248884514681439,0.99999999821719
3.67392478180208e-09,0.498851917286358,0.251149400807563,0.499997363812158,0.248853235380279,0.999999998167256
3.77706369453937e-09,0.498819686906697,0.251181706232305,0.499997213721996,0.248821080045699,0.999999998115926
3.88309804905961e-09,0.498786551747054,0.251214920709612,0.499997055086667,0.248788024203721,0.999999998063163
3.99210912974805e-09,0.498752486409997,0.251249069880164,0.499996887419678,0.248754042700158,0.999999998008926
4.10418050290471e-09,0.498717464785335,0.251284180111246,0.499996710206839,0.248719109681916,0.999999997953174
4.21939808080502e-09,0.498681460030128,0.251320278517528,0.499996522904688,0.248683198577784,0.999999997895864
4.33785018755898e-09,0.498644444548143,0.251357392982444,0.499996324938826,0.24864628207873,0.999999997836955
4.45962762681909e-09,0.498606389968724,0.251395552180199,0.499996115702154,0.248608332117647,0.999999997776401
4.58482375138911e-09,0.498567267125082,0.251434785598413,0.499995894553011,0.248569319848576,0.999999997714157
4.71353453478692e-09,0.498527046031969,0.251475123561426,0.499995660813209,0.248529215625365,0.999999997650175
4.8458586448165e-09,0.498485695862737,0.251516597254287,0.499995413765952,0.248487988979761,0.999999997584409
4.98189751920517e-09,0.498443184925741,0.251559238747438,0.499995152653642,0.24844560859892,0.999999997516807
5.12175544336424e-09,0.498399480640101,0.251603081022125,0.49999487667555,0.248402042302326,0.99999999744732
5.26553963033276e-09,0.498354549510769,0.251648157996547,0.499994584985367,0.248357257018085,0.999999997375894
5.41336030296538e-09,0.498308357102915,0.25169450455278,0.49999427668861,0.24831121875861,0.999999997302477
5.56533077842764e-09,0.498260868015582,0.251742156564481,0.499993950839874,0.248263892595645,0.999999997227013
5.72156755506324e-09,0.498212045854621,0.251791150925409,0.499993606439941,0.24821524263465,0.999999997149446
5.88219040169997e-09,0.498161853204856,0.251841525578788,0.499993242432711,0.2481652319885,0.999999997069717
6.04732244946265e-09,0.498110251601486,0.251893319547527,0.499992857701973,0.2481138227505,0.999999996987767
6.21709028616383e-09,0.498057201500676,0.251946572965336,0.499992451067975,0.248060975966689,0.999999996903533
6.39162405334401e-09,0.498002662249339,0.252001327108755,0.499992021283812,0.248006651607433,0.999999996816954
6.57105754603627e-09,0.497946592054068,0.252057624430128,0.499991567031608,0.247950808538265,0.999999996727964
6.75552831533164e-09,0.497888947949208,0.252115508591557,0.49999108691847,0.247893404489972,0.999999996636497
6.94517777382369e-09,0.497829685764031,0.252175024499856,0.499990579472227,0.247834396027918,0.999999996542485
7.14015130401339e-09,0.49776876008901,0.252236218342534,0.499990043136912,0.247773738520554,0.999999996445856
7.3405983697572e-09,0.497706124241141,0.25229913762486,0.499989476267998,0.247711386107142,0.999999996346539
7.5466726308439e-09,0.497641730228307,0.252363831208013,0.49998887712736,0.247647291664627,0.999999996244461
7.75853206078784e-09,0.497575528712653,0.252430349348374,0.499988243877946,0.24758140677368,0.999999996139544
7.97633906792928e-09,0.49750746897294,0.252498743737984,0.499987574578151,0.247513681683865,0.999999996031712
8.20026061993413e-09,0.497437498865855,0.252569067546211,0.499986867175867,0.247444065277921,0.999999995920883
8.43046837178897e-09,0.497365564786248,0.252641375462651,0.499986119502202,0.247372505035147,0.999999995806975
8.66713879738922e-09,0.497291611626267,0.25271572374132,0.499985329264827,0.247298946993854,0.999999995689905
8.9104533248215e-09,0.497215582733358,0.25279217024616,0.499984494040963,0.247223335712877,0.999999995569584
9.16059847544369e-09,0.497137419867106,0.252870774497915,0.499983611269958,0.247145614232127,0.999999995445924
9.41776600686954e-09,0.497057063154878,0.2529515977224,0.499982678245444,0.247065724032156,0.999999995318833
9.6821530599671e-09,0.496974451046245,0.25303470290023,0.499981692107049,0.24698360499272,0.999999995188217
9.95396230998424e-09,0.496889520266139,0.253120154818039,0.499980649831643,0.246899195350318,0.999999995053981
1.02334021219164e-08,0.496802205766723,0.253208020121239,0.499979548224076,0.246812431654685,0.999999994916023
1.05206867102362e-08,0.496712440677931,0.253298367368368,0.4999783839074,0.246723248724231,0.999999994774244
1.08160363031071e-08,0.49662015625665,0.253391267087083,0.499977153312534,0.246631579600383,0.999999994628538
1.1119677311207e-08,0.496525281834498,0.253486791831836,0.499975852667333,0.246537355500831,0.999999994478799
1.14318425012915e-08,0.496427744764173,0.2535850162433,0.499974477985053,0.246440505771647,0.999999994324916
1.17527711746295e-08,0.496327470364333,0.253686017109595,0.499973025052143,0.246340957838262,0.999999994166777
1.20827093504478e-08,0.496224381862953,0.253789873429368,0.499971489415359,0.246238637155274,0.999999994004265
1.24219099545262e-08,0.496118400339147,0.253896666476784,0.499969866368138,0.246133467155078,0.999999993837262
1.27706330130864e-08,0.496009444663391,0.254006479868507,0.499968150936203,0.24602536919529,0.999999993665646
1.31291458521247e-08,0.495897431436122,0.254119399632703,0.49996633786235,0.245914262504947,0.99999999348929
1.34977233023394e-08,0.495782274924658,0.254235514280157,0.49996442159037,0.245800064129473,0.999999993308068
1.38766479098131e-08,0.49566388699841,0.254354914877556,0.499962396248067,0.245682688874376,0.999999993121847
1.42662101526074e-08,0.495542177062334,0.254477695123013,0.499960255629305,0.245562049247682,0.999999992930491
1.46667086634397e-08,0.495417051988581,0.254603951423898,0.499957993175042,0.245438055401061,0.999999992733862
1.50784504586105e-08,0.495288416046299,0.254733782977058,0.499955601953287,0.245310615069656,0.999999992531818
1.55017511733577e-08,0.495156170829545,0.254867291851492,0.499953074637927,0.245179633510581,0.999999992324212
1.59369353038178e-08,0.495020215183259,0.255004583073566,0.49995040348635,0.245045013440084,0.999999992110895
1.63843364557798e-08,0.49488044512725,0.255145764714849,0.499947580315802,0.244906654969349,0.999999991891712
1.68442976004231e-08,0.494736753778152,0.255290947982644,0.499944596478409,0.244764455538947,0.999999991666507
1.73171713372335e-08,0.494589031269292,0.255440247313317,0.499941442834783,0.2446183098519,0.999999991435117
1.78033201643011e-08,0.494437164668436,0.255593780468494,0.49993810972614,0.244468109805366,0.999999991197377
1.83031167562061e-08,0.494281037893348,0.255751668634234,0.499934586944838,0.244313744420929,0.999999990953116
1.88169442497056e-08,0.494120531625119,0.255914036523256,0.49993086370325,0.244155099773494,0.999999990702162
1.93451965374404e-08,0.493955523219223,0.256081012480335,0.499926928600886,0.24399205891878,0.999999990444334
1.98882785698881e-08,0.493785886614225,0.25625272859095,0.49992276958965,0.2438245018194,0.999999990179449
2.04466066657912e-08,0.493611492238127,0.2564293207933,0.499918373937145,0.243652305269554,0.99999998990732
2.10206088313016e-08,0.493432206912259,0.256610928993788,0.499913728187906,0.243475342818306,0.999999989627755
2.16107250880838e-08,0.4932478937527,0.256797697186079,0.499908818122443,0.243293484691478,0.999999989340555
2.22174078106288e-08,0.493058412069149,0.256989773573856,0.499903628713989,0.243106597712155,0.99999998904552
2.28411220730383e-08,0.492863617261219,0.257187310697379,0.499898144082804,0.242914545219817,0.999999988742442
2.34823460055428e-08,0.492663360712078,0.257390465563967,0.49989234744791,0.242717186988123,0.999999988431109
2.41415711610302e-08,0.49245748967941,0.25759939978253,0.49988622107612,0.24251437914135,0.999999988111303
2.48193028918626e-08,0.492245847183627,0.257814279702276,0.499879746228193,0.24230597406953,0.999999987782801
2.55160607372719e-08,0.492028271893297,0.258035276555714,0.499872903101978,0.242091820342308,0.999999987445377
2.62323788216312e-08,0.491804598007726,0.258262566606093,0.499865670772362,0.241871762621544,0.999999987098795
2.69688062639069e-08,0.491574655136657,0.258496331299413,0.49985802712786,0.241645641572727,0.999999986742818
2.77259075986048e-08,0.49133826817704,0.258736757421137,0.499849948803647,0.241413293775216,0.999999986377201
2.85042632085343e-08,0.491095257186817,0.258984037257756,0.499841411110855,0.24117455163139,0.999999986001691
2.93044697697214e-08,0.490845437255697,0.259238368763346,0.499832387961914,0.24092924327474,0.999999985616035
3.01271407088116e-08,0.490588618372869,0.259499955731266,0.499822851791729,0.240677192477004,0.999999985219967
3.09729066733141e-08,0.490324605291616,0.259769007971151,0.499812773474466,0.240418218554383,0.999999984813222
3.18424160150466e-08,0.490053197390806,0.260045741491344,0.4998021222357,0.240152136272956,0.999999984395522
3.27363352871525e-08,0.48977418853322,0.260330378686938,0.499790865559684,0.239878755753378,0.999999983966588
3.36553497550709e-08,0.489487366920693,0.260623148533571,0.499778969091472,0.239597882374957,0.999999983526132
3.46001639218511e-08,0.489192514946045,0.26092428678715,0.499766396533609,0.239309316679241,0.999999983073859
3.55715020682138e-08,0.488889409041794,0.26123403618965,0.499753109537111,0.239012854273239,0.999999982609469
3.65701088077749e-08,0.488577819525624,0.261552646681169,0.499739067586414,0.238708285732417,0.999999982132656
3.75967496578547e-08,0.488257510442617,0.261880375618392,0.499724227877982,0.238395396503626,0.999999981643105
3.86522116263126e-08,0.487928239404246,0.262217487999639,0.49970854519223,0.238073966808131,0.999999981140494
3.97373038148561e-08,0.48758975742414,0.262564256696655,0.499691971758409,0.237743771544936,0.999999980624498
4.08528580392857e-08,0.487241808750637,0.262920962693322,0.499674457112082,0.237404580194596,0.99999998009478
4.19997294671531e-08,0.486884130696159,0.263287895331441,0.499655947944801,0.237056156723758,0.999999979550998
4.31787972733202e-08,0.486516453463447,0.26366535256376,0.499636387945586,0.236698259490654,0.999999978992805
4.43909653139217e-08,0.486138499968706,0.264053641214416,0.499615717633757,0.236330641151827,0.999999978419843
4.56371628192476e-08,0.48574998566172,0.264453077246925,0.49959387418271,0.235953048570365,0.999999977831749
4.6918345106078e-08,0.48535061834303,0.264863986039905,0.499570791234129,0.235565222725966,0.999999977228152
4.82354943100147e-08,0.484940097978254,0.265286702670654,0.499546398702183,0.235166898627163,0.999999976608675
4.95896201383721e-08,0.484518116509667,0.265721572206745,0.499520622567176,0.234757805226079,0.999999975972931
5.09817606442043e-08,0.484084357665173,0.266168950005761,0.499493384658132,0.234337665336107,0.999999975320527
5.24129830220606e-08,0.483638496764823,0.266629202023295,0.499464602423763,0.233906195552942,0.999999974651064
5.38843844260822e-08,0.483180200525044,0.267102705129337,0.499434188691237,0.233463106179426,0.999999973964132
5.5397092811064e-08,0.482709126860786,0.267589847433134,0.49940205141216,0.233008101154707,0.999999973259318
5.69522677971282e-08,0.48222492468581,0.268091028616619,0.499368093395142,0.232540877988239,0.999999972536197
5.85511015586724e-08,0.48172723371137,0.268606660276473,0.499332212024314,0.232061127699213,0.99999997179434
6.01948197382727e-08,0.481215684243583,0.269137166274857,0.499294298963119,0.231568534762024,0.999999971033309
6.18846823862438e-08,0.480689896979798,0.269682983098857,0.499254239842691,0.231062777058453,0.999999970252658
6.3621984926575e-08,0.480149482804332,0.270244560228608,0.499211913934121,0.230543525837271,0.999999969451937
6.54080591499826e-08,0.479594042583969,0.2708223605141,0.499167193803862,0.230010445682038,0.999999968630684
6.72442742348425e-08,0.479023166963671,0.271416860560567,0.499119944951524,0.229463194487909,0.999999967788435
6.91320377967813e-08,0.478436436162983,0.272028551122374,0.499070025429286,0.22890142344834,0.999999966924714
7.10727969677341e-08,0.47783341977369,0.272657937505243,0.499017285442133,0.228324777052624,0.999999966039042
7.30680395052951e-08,0.477213676559314,0.273305539976634,0.498961566928105,0.227732893095261,0.999999965130932
7.51192949332097e-08,0.476576754257116,0.273971894184019,0.498902703117729,0.227125402698252,0.99999996419989
7.72281357138864e-08,0.475922189383335,0.27465755158076,0.498840518071808,0.226501930347431,0.999999963245416
7.93961784538228e-08,0.475249507042443,0.275363079859203,0.498774826196708,0.225862093944089,0.999999962267005
8.16250851428724e-08,0.474558220741305,0.276089063390548,0.498705431736296,0.225205504873157,0.999999961264145
8.39165644283016e-08,0.473847832209179,0.276836103670984,0.498632128239674,0.224531768089342,0.999999960236318
8.62723729246145e-08,0.473117831224612,0.277604819773461,0.498554698003855,0.223840482222684,0.999999959183002
8.8694316560147e-08,0.472367695450343,0.278395848804386,0.498472911490542,0.223131239705072,0.99999995810367
9.11842519614656e-08,0.471596890277461,0.279209846364453,0.498386526716171,0.222403626919376,0.99999995699779
9.374408787663e-08,0.47080486868014,0.280047487012648,0.498295288614424,0.221657224372928,0.999999955864827
9.63757866384109e-08,0.469991071082413,0.280909464732372,0.498198928370431,0.220891606897197,0.999999954704241
9.90813656685867e-08,0.469154925238545,0.281796493398498,0.498097162725913,0.220106343875589,0.999999953515489
1.01862899024469e-07,0.468295846128712,0.282709307243986,0.497989693254604,0.21930099950141,0.999999952298028
1.04722518988844e-07,0.467413235871803,0.283648661324548,0.497876205607299,0.218475133068154,0.999999951051308
1.07662417704549e-07,0.466506483657346,0.284615331979653,0.497756368726001,0.217628299294346,0.999999949774784
1.10684848854941e-07,0.465574965698664,0.285610117287988,0.497629834026696,0.216760048685316,0.999999948467905
1.13792129391531e-07,0.464618045209559,0.286633837515237,0.497496234550407,0.215869927934356,0.999999947130123
1.16986641310131e-07,0.463635072406984,0.287687335551865,0.497355184082302,0.214957480365833,0.99999994576089
1.20270833476851e-07,0.462625384542321,0.288771477338292,0.497206276238773,0.214022246422934,0.999999944359659
1.23647223505371e-07,0.461588305964094,0.289887152274618,0.497049083522576,0.213063764202806,0.999999942925888
1.27118399686903e-07,0.460523148215114,0.291035273611736,0.4968831563463,0.212081570041963,0.999999941459034
1.30687022974335e-07,0.459429210167259,0.292216778820398,0.496708022024687,0.211075199154915,0.999999939958564
1.34355829022083e-07,0.458305778197307,0.293432629934429,0.496523183736528,0.210044186329043,0.999999938423947
1.38127630283201e-07,0.457152126407424,0.294683813863985,0.496328119457181,0.208988066678834,0.99999993685466
1.42005318165368e-07,0.455967516894156,0.295971342674315,0.496122280863059,0.207906376462626,0.999999935250188
1.45991865247398e-07,0.454751200069955,0.297296253825159,0.495905092209774,0.206798653965068,0.999999933610024
1.50090327557974e-07,0.453502415041532,0.298659610365442,0.495675949186052,0.205664440448506,0.999999931933674
1.54303846918356e-07,0.452220390049507,0.300062501077518,0.49543421774595,0.204503281176532,0.999999930220654
1.58635653350859e-07,0.450904342974064,0.301506040564748,0.495179232922375,0.203314726512876,0.999999928470495
1.63089067554933e-07,0.449553481911539,0.302991369275714,0.494910297625493,0.202098333098792,0.999999926682742
1.6766750345277e-07,0.448167005827054,0.304519653457882,0.494626681430127,0.200853665111991,0.999999924856957
1.72374470806362e-07,0.446744105288515,0.30609208503301,0.49432761935695,0.199580295610039,0.999999922992721
1.77213577908036e-07,0.445283963287464,0.307709881386067,0.494012310652937,0.198277807960996,0.999999921089636
1.82188534346517e-07,0.443785756152454,0.309374285058902,0.493679917577289,0.196945797363809,0.999999919147324
1.87303153850643e-07,0.442248654560699,0.311086563339354,0.493329564199893,0.195583872460753,0.999999917165432
1.9256135721292e-07,0.440671824653934,0.312848007735963,0.492960335220205,0.194191657043832,0.999999915143635
1.97967175295133e-07,0.439054429264401,0.314659933327891,0.492571274815416,0.192768791856692,0.999999913081635
2.03524752118358e-07,0.437395629256967,0.316523677979168,0.49216138552773,0.191314936493102,0.999999910979163
2.09238348039698e-07,0.435694584993331,0.318440601405853,0.491729627201632,0.189829771392515,0.999999908835985
2.15112343018217e-07,0.433950457924176,0.320412084084254,0.49127491598314,0.188312999932606,0.9999999066519
2.21151239972549e-07,0.432162412315002,0.322439525987922,0.490796123394152,0.186764350617925,0.999999904426747
2.27359668232772e-07,0.43032961711112,0.324524345140767,0.490292075496226,0.185183579363007,0.999999902160401
2.33742387089181e-07,0.428451247946994,0.326667975973352,0.489761552159307,0.183570471867341,0.999999899852783
2.40304289440697e-07,0.426526489304689,0.328871867469209,0.489203286452204,0.181924846078587,0.999999897503855
2.47050405545683e-07,0.424554536825673,0.331137481087919,0.488615964172815,0.180246554739266,0.99999989511363
2.53985906878073e-07,0.422534599779598,0.333466288451713,0.487998223537378,0.178535488010909,0.999999892682166
2.61116110091746e-07,0.420465903692894,0.335859768782498,0.487348655049216,0.176791576168286,0.999999890209579
2.68446481096197e-07,0.418347693139136,0.338319406076569,0.486665801568591,0.17501479235484,0.999999887696034
2.75982639246618e-07,0.416179234692086,0.340846686004722,0.485948158606384,0.173205155388894,0.999999885141756
2.83730361651621e-07,0.4139598200411,0.343443092526263,0.485194174865273,0.171362732608464,0.999999882547031
2.91695587601879e-07,0.411688769267235,0.346110104206305,0.484402253052921,0.169487642740774,0.999999879912203
2.99884423123102e-07,0.409365434276833,0.348849190226998,0.483570750992338,0.167580058780664,0.999999877237683
3.08303145656828e-07,0.406989202387685,0.351661806084798,0.482697983055034,0.165640210860168,0.999999874523949
3.16958208872612e-07,0.40455950006094,0.354549388967682,0.481782221942757,0.163668389089561,0.999999871771545
3.25856247615323e-07,0.40207579676991,0.357513352808341,0.480821700843497,0.161664946348162,0.99999986898109
3.35004082991314e-07,0.399537608994687,0.360555083011821,0.479814615986984,0.159630301001195,0.99999986615327
3.44408727597382e-07,0.396944504329087,0.363675930858894,0.478759129624038,0.157564939517069,0.999999863288848
3.54077390896527e-07,0.394296105683959,0.366877207589622,0.477653373452839,0.155469418957539,0.999999860388664
3.64017484744614e-07,0.391592095568202,0.370160178175095,0.476495452513405,0.1533443693115,0.99999985745363
3.74236629072198e-07,0.388832220426159,0.373526054789223,0.475283449569237,0.151190495641541,0.99999985448474
3.84742657725851e-07,0.386016295007196,0.376975989996694,0.47401542999222,0.149008580011087,0.999999851483065
3.9554362447347e-07,0.383144206740514,0.380511069677793,0.472689447163386,0.146799483158822,0.999999848449752
4.06647809178186e-07,0.380215920085387,0.384132305715607,0.471303548398012,0.144564145886381,0.999999845386029
4.18063724145576e-07,0.37723148082434,0.387840628476248,0.469855781398824,0.142303590124928,0.999999842293202
4.2980012064908e-07,0.37419102026414,0.391636879118041,0.468344201235637,0.140018919646322,0.999999839172654
4.41865995638594e-07,0.371094759307107,0.395521801770989,0.466766877843808,0.137711320385203,0.999999836025845
4.54270598637404e-07,0.367943012353051,0.399496035633338,0.465121904027221,0.135382060339441,0.999999832854308
4.67023438832733e-07,0.36473619099039,0.403560107037402,0.463407403944417,0.133032489018181,0.99999982965965
4.80134292365345e-07,0.361474807433501,0.407714421542087,0.461621542048822,0.13066403640909,0.999999826443549
4.93613209823792e-07,0.358159477662483,0.4119592561145,0.459762532446034,0.128278211439466,0.99999982320775
5.07470523949047e-07,0.35479092422103,0.416294751467556,0.457828648622828,0.125876599909616,0.999999819954064
5.21716857555435e-07,0.351369978628358,0.420720904624579,0.455818233494125,0.123460861881296,0.999999816684359
5.36363131673925e-07,0.347897583361956,0.42523756178518,0.453729709705728,0.121032728509092,0.999999813400563
5.5142057392403e-07,0.344374793369482,0.429844411569312,0.451561590122411,0.118593998308276,0.999999810104654
5.66900727120743e-07,0.340802777070475,0.434540978718001,0.449312488423048,0.116146532858951,0.999999806798658
5.82815458123084e-07,0.337182816811579,0.439326618329835,0.446981129717171,0.113692251952994,0.999999803484642
5.99176966931061e-07,0.333516308742854,0.444200510711754,0.444566361090785,0.111233128197461,0.99999980016471
6.15997796038017e-07,0.329804762087319,0.449161656920838,0.442067161983686,0.108771181095476,0.999999796840993
6.33290840045511e-07,0.32604979778123,0.454208875070724,0.439482654296093,0.106308470633184,0.99999979351565
6.51069355548147e-07,0.322253146468533,0.459340797471807,0.436812112119321,0.103847090408872,0.999999790190852
6.69346971295867e-07,0.318416645839557,0.464555868668602,0.434054970983681,0.101389160347716,0.999999786868783
6.88137698641567e-07,0.314542237311047,0.469852344430547,0.431210836516812,0.0989368190526416,0.999999783551629
7.07455942281988e-07,0.310631962052106,0.475228291744131,0.428279492407525,0.0964922158483434,0.999999780241573
7.27316511300145e-07,0.306687956368295,0.480681589844773,0.425260907573864,0.0940575025813637,0.999999776940786
7.47734630517758e-07,0.302712446463968,0.486209932316267,0.42215524243953,0.0916348252442027,0.999999773651421
7.68725952166374e-07,0.298707742610631,0.491810830274279,0.41896285423018,0.0892263154955411,0.999999770375606
7.90306567886135e-07,0.29467623275671,0.497481616638269,0.415684301210043,0.0868340821516885,0.999999767115438
8.12493021061405e-07,0.290620375621234,0.503219451483761,0.41232034579001,0.0844602027262287,0.999999763872973
8.35302319502679e-07,0.286542693320659,0.509021328454141,0.4088719564504,0.0821067150954589,0.999999760650224
8.58751948484518e-07,0.282445763584012,0.514884082198533,0.40534030843491,0.0797756093665571,0.99999975744915
8.82859884149515e-07,0.278332211616759,0.52080439678996,0.401726783186562,0.0774688200234775,0.999999754271656
9.07644607288536e-07,0.274204701678111,0.526778815066162,0.398032966511456,0.0751882184223829,0.999999751119581
9.33125117507824e-07,0.270065928439788,0.53280374882447,0.394260645471484,0.0729356057040459,0.999999747994699
9.59320947793823e-07,0.265918608196515,0.538875489792143,0.390411804022685,0.0707127061851727,0.999999744898709
9.86252179486878e-07,0.261765469999708,0.544990221284753,0.386488617431078,0.0685211612841687,0.999999741833235
1.01393945767529e-06,0.257609246785867,0.551144030457849,0.382493445512569,0.0663625240295824,0.99999973879982
1.04240400702156e-06,0.25345266657019,0.557332921051161,0.378428824757299,0.0642382541915404,0.999999735799925
1.07166764803286e-06,0.249298443773861,0.563552826520348,0.374297459411583,0.0621497140680694,0.999999732834923
1.10175281378839e-06,0.245149270750465,0.569799623448555,0.37010221160196,0.0600981649494851,0.999999729906101
1.13268256713615e-06,0.241007809573077,0.576069145129059,0.365846090595729,0.0580847642752126,0.999999727014656
1.16448061837269e-06,0.236876684138909,0.582357195210827,0.361532241300529,0.0561105634886443,0.999999724161692
1.19717134341897e-06,0.232758472643082,0.588659561300976,0.357163932111884,0.0541765065871403,0.999999721348227
1.23077980250667e-06,0.228655700467256,0.594972028421659,0.35274454222217,0.0522834293561712,0.999999718575182
1.26533175938894e-06,0.224570833522614,0.601290392223812,0.348277548507146,0.0504320592690413,0.999999715843392
1.30085370109057e-06,0.22050627208024,0.607610471866244,0.343766512107032,0.0486230160267243,0.9999997131536
1.3373728582125e-06,0.216464345115323,0.613928122475558,0.339215064818237,0.046856812706205,0.99999971050646
1.37491722580642e-06,0.212447305185047,0.620239247110293,0.33462689540932,0.0451338574803877,0.999999707902541
1.4135155848354e-06,0.20845732385356,0.626539808161067,0.330005735970746,0.0434544558681867,0.999999705342324
1.4531975242369e-06,0.204496487671187,0.632825838127477,0.325355348402672,0.0418188134698504,0.99999970282621
1.49399346360526e-06,0.200566794709158,0.639093449721589,0.320679511138507,0.0402270391399038,0.99999970035452
1.5359346765109e-06,0.196670151645581,0.645338845257132,0.315982006194574,0.0386791485482941,0.999999697927494
1.57905331447418e-06,0.192808371393369,0.651558325292623,0.311266606628015,0.0371750680793614,0.999999695545302
1.62338243161228e-06,0.188983171256248,0.65774829650557,0.306537064476364,0.0357146390180664,0.99999969320804
1.66895600997803e-06,0.185196171594979,0.663905278783477,0.301797099243088,0.0342976219734346,0.999999690915736
1.71580898561001e-06,0.181448894982441,0.670025911525464,0.297050386984189,0.0329237014903465,0.999999688668356
1.76397727531405e-06,0.177742765823317,0.676106959155885,0.292300550041595,0.03159249080252,0.9999996864658
1.8134978041965e-06,0.174079110411746,0.682145315858249,0.287551147460008,0.0303035366817421,0.999999684307915
1.86440853397049e-06,0.170459157398468,0.688138009544057,0.28280566611495,0.0290563243409926,0.999999682194492
1.91674849205681e-06,0.166884038637645,0.694082205076718,0.278067512571274,0.0278502823520077,0.999999680125271
1.9705578015018e-06,0.163354790382676,0.699975206775613,0.273340005683423,0.0266847875409646,0.999999678099944
2.02587771173502e-06,0.159872354799874,0.705814460229506,0.268626369941241,0.0255591698292531,0.99999967611816
2.08275063019052e-06,0.156437581768829,0.711597553452017,0.263929729558307,0.0244727169896753,0.999999674179528
2.14122015481573e-06,0.153051230938601,0.717322217414615,0.259253103293568,0.023424679291817,0.99999967228362
2.20133110749303e-06,0.14971397400945,0.722986325994798,0.254599399991504,0.0224142740136983,0.999999670429972
2.26312956839953e-06,0.146426397210733,0.728587895378645,0.249971414821244,0.0214406898001111,0.999999668618091
2.32666291133146e-06,0.143189003946627,0.734125082957969,0.245371826190809,0.0205030908512226,0.999999666847455
2.39197984002024e-06,0.14000221758265,0.739596185762754,0.240803193309191,0.0196006209280552,0.999999665117518
2.45913042546804e-06,0.136866384347328,0.744999638469649,0.236267954366045,0.0187324071643057,0.99999966342771
2.5281661443315e-06,0.133781776324872,0.750334011026889,0.231768425296478,0.017897563676633,0.999999661777442
2.59913991838293e-06,0.130748594516325,0.75559800593534,0.227306799096671,0.0170951949679891,0.999999660166109
2.67210615507944e-06,0.127766971948249,0.760790455224322,0.222885145654859,0.0163243991208191,0.999999658593088
2.74712078927081e-06,0.124836976809688,0.765910317159601,0.218505412061422,0.0155842707789769,0.999999657057746
2.82424132607844e-06,0.121958615599763,0.770956672719479,0.214169423361516,0.0148739039190051,0.999999655559438
2.90352688497781e-06,0.119131836269903,0.775928721873227,0.20987888371374,0.014192394413033,0.99999965409751
2.98503824511873e-06,0.116356531346273,0.780825779694384,0.205635377918686,0.0135388423869301,0.999999652671304
3.06883789191764e-06,0.113632541019512,0.785647272339521,0.201440373281934,0.0129123543785448,0.999999651280152
3.15499006495809e-06,0.110959656190342,0.790392732921188,0.197295221776939,0.0123120453018725,0.999999649923387
3.24356080723581e-06,0.108337621461029,0.795061797301769,0.193201162474405,0.0117370402238266,0.999999648600337
3.33461801578637e-06,0.105766138063972,0.799654199833016,0.189159324206024,0.0111864759609605,0.999999647310331
3.42823149373397e-06,0.103244866719972,0.804169769064073,0.185170728431909,0.0106595025040178,0.999999646052696
3.52447300380159e-06,0.100773430419849,0.808608423438879,0.181236292282544,0.0101552842785771,0.999999644826765
3.62341632332315e-06,0.0983514171241921,0.812970167001945,0.177356831747725,0.00967300125032958,0.99999964363187
3.72513730080021e-06,0.0959783823769826,0.81725508512973,0.173533064986576,0.00921184988369481,0.999999642467348
3.82971391404628e-06,0.0936538518297658,0.821463340303012,0.169765615734443,0.00877104396254419,0.999999641332541
3.93722632996347e-06,0.0913773236738533,0.825595167934082,0.16605501678413,0.00834981528178841,0.999999640226795
4.04775696599732e-06,0.0891482709788049,0.829650872260893,0.162401713520605,0.00794741421850256,0.999999639149465
4.16139055331671e-06,0.0869661439361037,0.8336308223189,0.158806067489993,0.00756311019110706,0.99999963809991
4.27821420176762e-06,0.0848303720075495,0.837535447999832,0.155268359985237,0.00719619201493102,0.999999637077498
4.39831746665023e-06,0.0827403659784302,0.841365236205376,0.151788795632388,0.00684596816223623,0.999999636081603
4.5217924173707e-06,0.0806955199160077,0.845120727102491,0.148367505963003,0.00651176693450631,0.99999963511161
4.64873370802026e-06,0.0786952130342727,0.848802510485956,0.145004552959544,0.0061929365545009,0.99999963416691
4.7792386499356e-06,0.076738811466283,0.852411222252683,0.141699932562068,0.00588884518524899,0.999999633246906
4.91340728629636e-06,0.0748256699457122,0.855947540991391,0.138453578125793,0.00559888088281568,0.999999632351008
5.05134246881677e-06,0.0729551333995037,0.859412184690323,0.135265363820347,0.00532245148933033,0.999999631478636
5.19314993659021e-06,0.0711265384537457,0.862805907564912,0.132135107962685,0.00505898447240294,0.999999630629221
5.33893839714736e-06,0.0693392148550676,0.866129497006573,0.129062576276719,0.00480792671670793,0.999999629802203
5.48881960978968e-06,0.0675924868100125,0.869383770653127,0.12604748507372,0.00456874427315226,0.999999628997033
5.64290847126254e-06,0.0658856742449512,0.8725695735808,0.123089504348498,0.00434092207070223,0.999999628213171
5.80132310383338e-06,0.0642180939892014,0.875687775617193,0.12018826078721,0.00412396359559623,0.999999627450088
5.96418494584246e-06,0.062589060884074,0.878739268774192,0.117343340683467,0.00391739054234046,0.999999626707265
6.13161884479577e-06,0.0609978888206146,0.881724964799333,0.114554292760105,0.00372074244056209,0.999999625984195
6.30375315307127e-06,0.0594438917088281,0.884645792843825,0.111820630894695,0.00353357626148083,0.99999962528038
6.48071982631197e-06,0.0579263843811812,0.887502697245104,0.10914183674743,0.00335546600746613,0.999999624595332
6.66265452458115e-06,0.0564446834331667,0.890296635421527,0.106517362290613,0.00318600228786015,0.999999623928575
6.84969671635745e-06,0.0549981080036861,0.893028575876603,0.103946632239423,0.00302479188397475,0.99999962327964
7.0419897854493e-06,0.0535859804979796,0.89569949630996,0.101429046384121,0.00287145730591933,0.999999622648073
7.23968114091088e-06,0.0522076272557789,0.89831038183211,0.0989639818242223,0.00272563634366776,0.999999622033426
7.44292233004376e-06,0.0508623791673113,0.900862223279926,0.0965507951055253,0.00258698161454862,0.999999621435262
7.65186915457082e-06,0.0495495722397216,0.903356015629685,0.0941888242611861,0.00245516010912854,0.999999620853157
7.86668179007157e-06,0.0482685481164114,0.905792756504433,0.0918773907583119,0.00232985273725543,0.999999620286691
8.08752490877046e-06,0.0470186545517267,0.90817344477239,0.0896158013517662,0.0022107538758436,0.99999961973546
8.31456780577206e-06,0.0457992458433529,0.910499079233103,0.0874033498470882,0.00209757091980876,0.999999619199065
8.54798452884042e-06,0.0446096832246928,0.912770657388011,0.0852393187745931,0.00199002383739623,0.999999618677118
8.78795401182133e-06,0.0434493352194361,0.914989174292127,0.083122980976873,0.00188784473099959,0.99999961816924
9.03466021181053e-06,0.0423175779604375,0.917155621483551,0.0810536011120225,0.00179077740442629,0.999999617675062
9.2882922501725e-06,0.0412137954749499,0.91927098598754,0.0790304370750208,0.00169857693743948,0.999999617194223
9.54904455751808e-06,0.0401373799381724,0.921336249391945,0.0770527413397655,0.00161100926828962,0.999999616726371
9.81711702275218e-06,0.0390877318969973,0.923352386990845,0.0751197622243148,0.00152785078483986,0.999999616271162
1.00927151463057e-05,0.0380642604657581,0.925320366993277,0.0732307450819296,0.00144888792479329,0.999999615828262
1.03760501976691e-05,0.0370663834957037,0.927241149794031,0.07138493342053,0.0013739167854387,0.999999615397344
1.06673393773486e-05,0.0360935277198467,0.929115687303558,0.0695815699531905,0.00130274274325141,0.999999614978091
1.09668059833687e-05,0.0351451288747583,0.930944922334095,0.067819897582294,0.00123518008361134,0.99999961457019
1.12746795824495e-05,0.0342206318008107,0.932729788039213,0.0660991603199523,0.0011710516408346,0.999999614173341
1.15911961859889e-05,0.0333194905222908,0.934471207404071,0.0644186041472757,0.00111018844865293,0.999999613787249
1.19165984309856e-05,0.0324411683087461,0.936170092783732,0.0627774778150438,0.00105242940122424,0.999999613411625
1.22511357660412e-05,0.0315851377188526,0.937827345487001,0.061175033588292,0.000997620924706628,0.99999961304619
1.25950646425836e-05,0.0307508806280271,0.939443855403333,0.0596105279372805,0.000945616659386812,0.999999612690671
1.2948648711459e-05,0.0299378882409488,0.941020500670418,0.0580832221772672,0.000896277152315175,0.999999612344802
1.33121590250431e-05,0.0291456610900877,0.94255814738019,0.0565923830594438,0.000849469560365787,0.999999612008325
1.36858742450252e-05,0.0283737090212857,0.944057649321041,0.0551372833153473,0.00080506736361205,0.999999611680986
1.40700808560269e-05,0.0276215511673722,0.945519847754135,0.053717202156986,0.000762950088879194,0.999999611362542
1.44650733852165e-05,0.0268887159107491,0.946945571221818,0.0523314257348654,0.000723003043316343,0.999999611052751
1.48711546280895e-05,0.0261747408358232,0.948335635386163,0.0509792475560269,0.000685117057809777,0.999999610751382
1.52886358805873e-05,0.0254791726721184,0.949690842895806,0.0496599688641511,0.000649188240042793,0.999999610458207
1.57178371777316e-05,0.024801567228847,0.9510119832793,0.0483728989837057,0.000615117736994172,0.999999610173005
1.61590875389592e-05,0.0241414893216824,0.952299832863291,0.0471173556300528,0.00058281150665597,0.999999609895561
1.66127252203429e-05,0.023498512692423,0.953555154713897,0.0458926651873599,0.000552180098743006,0.999999609625666
1.70790979738943e-05,0.0228722199222032,0.95477869859975,0.0446981629560932,0.000523138444156628,0.999999609363115
1.75585633141447e-05,0.0222622023388644,0.955971200975235,0.0435331933718019,0.000495605652963457,0.999999609107711
1.80514887922111e-05,0.0216680599190614,0.95713338498252,0.042397110196837,0.000469504820642938,0.999999608859259
1.85582522775552e-05,0.0210894011856468,0.958265960471062,0.0412892766865816,0.00044476284235604,0.999999608617572
1.90792422476527e-05,0.0205258431008384,0.95936962403331,0.0402090657317027,0.000421310234987066,0.999999608382467
1.96148580857943e-05,0.0199770109556459,0.960445059055417,0.0391558599778744,0.000399080966708737,0.999999608153765
2.01655103872475e-05,0.0194425382560011,0.96149293578182,0.0381290519243568,0.000378012293822755,0.999999607931293
2.07316212740123e-05,0.0189220666060062,0.962513911392616,0.0371280440027548,0.000358044604628759,0.999999607714881
