1e-09,0.499718815337537,0.250281263722599,0.499999841879728,0.249718894397673,0.999999999587753
1.02807322383086e-09,0.499710922751525,0.250289160809321,0.499999832878308,0.249711006312371,0.999999999576187
1.05693455355799e-09,0.499702808682082,0.250297279635652,0.499999823364531,0.249702896999817,0.999999999564297
1.0866061138546e-09,0.499694466916411,0.250305626428971,0.499999813309237,0.249694560261792,0.999999999552074
1.11711065050482e-09,0.499685891067581,0.250314207591614,0.499999802681609,0.249685989726776,0.999999999539507
1.14847154784029e-09,0.499677074569661,0.2503230297058,0.499999791449078,0.249677178845122,0.999999999526589
1.18071284666619e-09,0.499668010672708,0.250332099538682,0.49999977957722,0.249668120884098,0.999999999513309
1.21385926269063e-09,0.49965869243762,0.250341424047553,0.499999767029653,0.249658808922794,0.999999999499656
1.24793620547131e-09,0.499649112730847,0.250351010385191,0.499999753767924,0.249649235846885,0.99999999948562
1.28296979789415e-09,0.499639264218948,0.250360865905355,0.499999739751395,0.24963939434325,0.999999999471191
1.31898689619867e-09,0.499629139363005,0.250370998168438,0.499999724937115,0.249629276894447,0.999999999456358
1.35601511056563e-09,0.499618730412875,0.25038141494728,0.49999970927969,0.24961887577303,0.999999999441109
1.39408282628258e-09,0.499608029401285,0.250392124233145,0.499999692731141,0.249608183035714,0.999999999425433
1.43321922550358e-09,0.499597028137761,0.250403134241857,0.499999675240764,0.249597190517379,0.999999999409317
1.47345430961984e-09,0.499585718202388,0.250414453420128,0.499999656754968,0.249585889824905,0.999999999392749
1.51481892225835e-09,0.499574090939401,0.250426090452042,0.499999637217114,0.249574272330844,0.999999999375718
1.55734477292614e-09,0.499562137450586,0.250438054265742,0.499999616567343,0.249562329166915,0.999999999358209
1.60106446131832e-09,0.499549848588515,0.250450354040291,0.499999594742389,0.24955005121732,0.999999999340209
1.64601150230855e-09,0.499537214949574,0.250462999212731,0.499999571675389,0.249537429111879,0.999999999321706
1.69222035164104e-09,0.499524226866813,0.250475999485348,0.499999547295678,0.249524453218973,0.999999999302684
1.7397264323438e-09,0.499510874402586,0.250489364833129,0.49999952152857,0.2495111136383,0.999999999283129
1.78856616188346e-09,0.499497147340993,0.25050310551144,0.499999494295133,0.249497400193427,0.999999999263026
1.83877698008233e-09,0.499483035180113,0.250517232063914,0.499999465511945,0.24948330242414,0.99999999924236
1.89039737781922e-09,0.499468527124012,0.250531755330567,0.499999435090841,0.249468809578592,0.999999999221115
1.94346692653602e-09,0.499453612074542,0.250546686456137,0.499999402938642,0.24945391060522,0.999999999199276
1.99802630857255e-09,0.4994382786229,0.250562036898664,0.499999368956871,0.249438594144465,0.999999999176824
2.05411734835306e-09,0.499422515040967,0.250577818438308,0.49999933304145,0.249422848520242,0.999999999153744
2.11178304444824e-09,0.499406309272391,0.250594043186417,0.499999295082383,0.2494066617312,0.999999999130017
2.17106760253726e-09,0.499389648923436,0.250610723594853,0.499999254963423,0.249390021441724,0.999999999105627
2.23201646929523e-09,0.499372521253567,0.250627872465577,0.499999212561711,0.249372914972712,0.999999999080553
2.29467636723194e-09,0.499354913165787,0.250645502960512,0.499999167747402,0.249355329292086,0.999999999054778
2.35909533050864e-09,0.499336811196691,0.250663628611673,0.499999120383273,0.249337251005055,0.999999999028281
2.42532274176036e-09,0.499318201506257,0.250682263331596,0.499999070324296,0.249318666344109,0.999999999001042
2.49340936995188e-09,0.499299069867348,0.250701421424052,0.499999017417201,0.249299561158747,0.999999998973041
2.56340740929651e-09,0.499279401654929,0.250721117595069,0.499998961500005,0.249279920904926,0.999999998944257
2.63537051926739e-09,0.499259181834979,0.250741366964262,0.499998902401519,0.24925973063422,0.999999998914667
2.70935386573205e-09,0.499238394953104,0.250762185076486,0.49999883994082,0.249238974982694,0.999999998884248
2.78541416324176e-09,0.499217025122829,0.250783587913817,0.499998773926707,0.249217638159476,0.999999998852979
2.86360971850811e-09,0.499195056013573,0.250805591907872,0.49999870415711,0.249195703935018,0.999999998820835
2.94400047510004e-09,0.499172470838287,0.250828213952476,0.499998630418474,0.24917315562905,0.999999998787792
3.0266480593957e-09,0.499149252340755,0.25085147141669,0.499998552485111,0.249149976098199,0.999999998753824
3.11161582782436e-09,0.499125382782541,0.250875382158205,0.499998470118508,0.249126147723287,0.999999998718907
3.19896891543454e-09,0.499100843929584,0.250899964537118,0.499998383066597,0.249101652396285,0.999999998683013
3.28877428582551e-09,0.499075617038414,0.25092523743009,0.499998291062991,0.249076471506919,0.999999998646116
3.38110078248068e-09,0.499049682841997,0.250951220244918,0.499998193826168,0.249050585928913,0.999999998608187
3.47601918154197e-09,0.499023021535188,0.250977932935507,0.499998091058611,0.249023976005882,0.999999998569197
3.57360224606578e-09,0.49899561275978,0.251005396017269,0.499997982445904,0.248996621536828,0.999999998529118
3.67392478180208e-09,0.498967435589152,0.251033630582964,0.499997867655768,0.248968501761268,0.999999998487919
3.77706369453937e-09,0.498938468512488,0.251062658318985,0.499997746337054,0.248939595343961,0.999999998445569
3.88309804905961e-09,0.498908689418566,0.2510925015221,0.499997618118667,0.248909880359233,0.999999998402035
3.99210912974805e-09,0.498878075579103,0.251123183116678,0.499997482608438,0.248879334274884,0.999999998357284
4.10418050290471e-09,0.498846603631642,0.251154726672395,0.499997339391926,0.248847933935679,0.999999998311284
4.21939808080502e-09,0.498814249561975,0.251187156422445,0.499997188031159,0.248815655546396,0.999999998264
4.33785018755898e-09,0.498780988686082,0.251220497282271,0.499997028063294,0.248782474654435,0.999999998215394
4.45962762681909e-09,0.498746795631576,0.251254774868817,0.499996858999214,0.248748366131969,0.999999998165432
4.58482375138911e-09,0.498711644318646,0.251290015520339,0.49999668032203,0.248713304157631,0.999999998114074
4.71353453478692e-09,0.498675507940478,0.251326246316764,0.499996491485516,0.24867726219772,0.999999998061283
4.8458586448165e-09,0.498638358943138,0.251363495100642,0.499996291912439,0.248640212986919,0.999999998007019
4.98189751920517e-09,0.498600169004919,0.251401790498678,0.499996080992806,0.248602128508515,0.999999997951241
5.12175544336424e-09,0.49856090901511,0.251441161943886,0.499995858082007,0.248562979974107,0.999999997893906
5.26553963033276e-09,0.498520549052209,0.251481639698366,0.49999562249885,0.248522737802784,0.999999997834972
5.41336030296538e-09,0.498479058361523,0.251523254876728,0.499995373523498,0.248481371599774,0.999999997774395
5.56533077842764e-09,0.498436405332177,0.251566039470188,0.49999511039527,0.248438850134542,0.999999997712129
5.72156755506324e-09,0.498392557473495,0.251610026371337,0.499994832310335,0.248395141318328,0.999999997648126
5.88219040169997e-09,0.49834748139074,0.251655249399627,0.499994538419265,0.248350212181108,0.99999999758234
6.04732244946265e-09,0.4983011427602,0.251701743327571,0.499994227824458,0.248304028847971,0.999999997514721
6.21709028616383e-09,0.498253506303605,0.251749543907691,0.499993899577407,0.248256556514902,0.999999997445217
6.39162405334401e-09,0.498204535761852,0.251798687900237,0.499993552675822,0.248207759423941,0.999999997373777
6.57105754603627e-09,0.498154193868021,0.251849213101686,0.499993186060587,0.248157600837728,0.999999997300348
6.75552831533164e-09,0.498102442319669,0.251901158374059,0.499992798612544,0.248106043013397,0.999999997224874
6.94517777382369e-09,0.498049241750381,0.251954563675071,0.499992389149097,0.248053047175832,0.9999999971473
7.14015130401339e-09,0.497994551700553,0.252009470089132,0.49999195642063,0.247998573490238,0.999999997067566
7.3405983697572e-09,0.497938330587404,0.252065919859242,0.499991499106708,0.24794258103405,0.999999996985615
7.5466726308439e-09,0.497880535674173,0.252123956419785,0.499991015812084,0.247885027768131,0.999999996901383
7.75853206078784e-09,0.497821123038506,0.25218362443026,0.499990505062467,0.247825870507273,0.999999996814809
7.97633906792928e-09,0.497760047539995,0.252244969809978,0.499989965300053,0.247765064889969,0.999999996725828
8.20026061993413e-09,0.497697262786859,0.252308039773734,0.499989394878815,0.247702565347451,0.999999996634374
8.43046837178897e-09,0.497632721101731,0.252372882868512,0.499988792059514,0.247638325071974,0.999999996540379
8.66713879738922e-09,0.497566373486556,0.252439549011224,0.49998815500444,0.247572295984335,0.999999996443773
8.9104533248215e-09,0.497498169586541,0.252508089527532,0.499987481771854,0.247504428700614,0.999999996344484
9.16059847544369e-09,0.497428057653174,0.252578557191768,0.499986770310116,0.247434672498115,0.99999999624244
9.41776600686954e-09,0.497355984506249,0.252651006268008,0.499986018451485,0.247362975280506,0.999999996137563
9.6821530599671e-09,0.497281895494915,0.252725492552299,0.499985223905572,0.247289283542129,0.999999996029776
9.95396230998424e-09,0.497205734457686,0.252802073416102,0.499984384252423,0.247213542331475,0.999999995919
1.02334021219164e-08,0.497127443681416,0.252880807850975,0.499983496935218,0.247135695213807,0.999999995805153
1.05206867102362e-08,0.497046963859201,0.25296175651452,0.499982559252558,0.247055684232923,0.999999995688151
1.08160363031071e-08,0.496964234047186,0.253044981777656,0.499981568350317,0.246973449872027,0.999999995567907
1.1119677311207e-08,0.496879191620249,0.253130547773227,0.499980521213048,0.246888931013725,0.999999995444333
1.14318425012915e-08,0.496791772226544,0.253218520446009,0.499979414654894,0.246802064899098,0.999999995317338
1.17527711746295e-08,0.496701909740867,0.253308967604132,0.499978245310002,0.246712787085866,0.999999995186829
1.20827093504478e-08,0.496609536216819,0.253401958971983,0.499977009622396,0.246621031405621,0.99999999505271
1.24219099545262e-08,0.496514581837753,0.253497566244604,0.499975703835287,0.246526729920109,0.999999994914883
1.27706330130864e-08,0.496416974866454,0.253595863143656,0.49997432397978,0.246429812876564,0.999999994773247
1.31291458521247e-08,0.496316641593549,0.253696925474973,0.499972865862957,0.24633020866207,0.999999994627698
1.34977233023394e-08,0.496213506284597,0.253800831187754,0.499971325055296,0.246227843756949,0.999999994478129
1.38766479098131e-08,0.496107491125852,0.253907660435457,0.499969696877382,0.246122642687161,0.999999994324433
1.42662101526074e-08,0.495998516168645,0.254017495638413,0.499967976385884,0.246014527975703,0.999999994166498
1.46667086634397e-08,0.495886499272384,0.254130421548241,0.499966158358749,0.24590342009301,0.999999994004207
1.50784504586105e-08,0.495771356046122,0.25424652531409,0.499964237279575,0.245789237406335,0.999999993837444
1.55017511733577e-08,0.495652999788673,0.254365896550772,0.499962207321109,0.245671896128119,0.999999993666088
1.59369353038178e-08,0.495531341427244,0.254488627408836,0.499960062327839,0.245551310263324,0.999999993490014
1.63843364557798e-08,0.495406289454553,0.254614812646642,0.49995779579761,0.245427391555748,0.999999993309097
1.68442976004231e-08,0.495277749864409,0.254744549704478,0.499955400862225,0.245300049433297,0.999999993123204
1.73171713372335e-08,0.495145626085716,0.254877938780797,0.499952870266974,0.245169190952229,0.999999992932203
1.78033201643011e-08,0.495009818914875,0.255015082910612,0.499950196349026,0.245034720740362,0.999999992735956
1.83031167562061e-08,0.494870226446557,0.255156088046129,0.499947371014627,0.244896540939244,0.999999992534323
1.88169442497056e-08,0.494726744002817,0.255301063139664,0.499944385715038,0.244754551145298,0.999999992327159
1.93451965374404e-08,0.494579264060511,0.255450120228914,0.499941231421149,0.244608648349936,0.999999992114316
1.98882785698881e-08,0.494427676177006,0.255603374524649,0.49993789859669,0.244458726878661,0.999999991895643
2.04466066657912e-08,0.494271866914133,0.255760944500884,0.499934377169964,0.244304678329151,0.999999991670984
2.10206088313016e-08,0.49411171976037,0.255922951987614,0.499930656504032,0.244146391508354,0.99999999144018
2.16107250880838e-08,0.49394711505122,0.256089522266153,0.499926725365253,0.243983752368594,0.999999991203067
2.22174078106288e-08,0.493777929887766,0.256260784167183,0.499922571890103,0.243816643942715,0.999999990959478
2.28411220730383e-08,0.493604038053359,0.256436870171555,0.49991818355017,0.243644946278274,0.999999990709241
2.34823460055428e-08,0.49342530992844,0.256617916513941,0.499913547115239,0.24346853637082,0.999999990452181
2.41415711610302e-08,0.493241612403442,0.256804063289382,0.499908648614351,0.243287288096267,0.999999990188116
2.48193028918626e-08,0.493052808789781,0.256995454562848,0.499903473294742,0.24310107214241,0.999999989916863
2.55160607372719e-08,0.49285875872888,0.257192238481849,0.499898005578542,0.24290975593961,0.999999989638233
2.62323788216312e-08,0.492659318099239,0.257394567392205,0.499892229017113,0.242713203590682,0.999999989352031
2.69688062639069e-08,0.492454338921503,0.257602597957039,0.499886126242916,0.242511275800045,0.999999989058059
2.77259075986048e-08,0.492243669261537,0.257816491279088,0.499879678918751,0.242303829802161,0.999999988756114
2.85042632085343e-08,0.49202715313147,0.258036413026402,0.499872867684256,0.242090719289343,0.999999988445988
2.93044697697214e-08,0.491804630388718,0.258262533561524,0.499865672099516,0.24187179433896,0.999999988127467
3.01271407088116e-08,0.491575936632949,0.258495028074242,0.499858070585618,0.24164690134014,0.999999987800334
3.09729066733141e-08,0.491340903101014,0.25873407671798,0.499850040362013,0.241415882920008,0.999999987464365
3.18424160150466e-08,0.491099356559812,0.258979864749938,0.4998415573805,0.241178577869562,0.999999987119332
3.27363352871525e-08,0.490851119197105,0.259232582675056,0.499832596255678,0.240934821069266,0.999999986765
3.36553497550709e-08,0.490596008510279,0.25949242639389,0.499823130191662,0.240684443414448,0.999999986401132
3.46001639218511e-08,0.490333837193055,0.259759597354498,0.499813130904894,0.240427271740608,0.999999986027481
3.55715020682138e-08,0.490064413020171,0.260034302708413,0.499802568542833,0.240163128748754,0.999999985643797
3.65701088077749e-08,0.489787538730035,0.260316755470805,0.499791411598319,0.239891832930875,0.999999985249825
3.75967496578547e-08,0.489503011905387,0.260607174684911,0.499779626819403,0.239613198495686,0.999999984845303
3.86522116263126e-08,0.489210624851982,0.260905785590821,0.499767179114394,0.239327035294785,0.999999984429962
3.97373038148561e-08,0.488910164475328,0.261212819798718,0.499754031451908,0.239033148749374,0.99999998400353
4.08528580392857e-08,0.488601412155531,0.261528515466645,0.499740144755648,0.238731339777707,0.999999983565726
4.19997294671531e-08,0.488284143620273,0.261853117482892,0.49972547779367,0.238421404723438,0.999999983116266
4.31787972733202e-08,0.48795812881599,0.262186877653081,0.499709987061858,0.238103135285061,0.999999982654856
4.43909653139217e-08,0.487623131777305,0.262530054892034,0.49969362666132,0.237776318446645,0.999999982181199
4.56371628192476e-08,0.487278910494794,0.262882915420495,0.499676348169422,0.237440736410083,0.999999981694991
4.6918345106078e-08,0.486925216781151,0.26324573296678,0.499658100504138,0.237096166529082,0.999999981195921
4.82354943100147e-08,0.486561796135857,0.263618788973437,0.499638829781412,0.236742381245151,0.99999998068367
4.95896201383721e-08,0.486188387608447,0.26400237280896,0.499618479165186,0.236379148025855,0.999999980157917
5.09817606442043e-08,0.48580472366049,0.264396781984632,0.499596988709755,0.236006229305612,0.99999997961833
5.24129830220606e-08,0.485410530026403,0.264802322376548,0.499574295194097,0.235623382429355,0.999999979064572
5.38843844260822e-08,0.485005525573253,0.265219308452852,0.49955033194779,0.235230359599357,0.9999999784963
5.5397092811064e-08,0.484589422159681,0.265648063506245,0.499525028668148,0.234826907825607,0.999999977913164
5.69522677971282e-08,0.484161924494144,0.266088919891772,0.499498311228167,0.23441276888006,0.999999977314806
5.85511015586724e-08,0.483722729992634,0.266542219269927,0.499470101474877,0.233987679255196,0.999999976700864
6.01948197382727e-08,0.483271528636108,0.267008312855059,0.499440317017664,0.233551370127276,0.999999976070966
6.18846823862438e-08,0.482808002827833,0.267487561669099,0.499408871006136,0.233103567324766,0.999999975424735
6.3621984926575e-08,0.482331827250904,0.267980336800561,0.499375671897071,0.232643991302369,0.999999974761788
6.54080591499826e-08,0.481842668726198,0.268487019668807,0.499340623209991,0.232172357121203,0.999999974081734
6.72442742348425e-08,0.481340186071061,0.269008002293499,0.49930362327088,0.231688374435621,0.999999973384175
6.91320377967813e-08,0.48082402995904,0.26954368756918,0.49926456494356,0.23119174748726,0.999999972668708
7.10727969677341e-08,0.480293842781007,0.270094489544881,0.499223335348225,0.230682175106894,0.999999971934922
7.30680395052951e-08,0.479749258508048,0.270660833708639,0.499179815566625,0.230159350724736,0.999999971182398
7.51192949332097e-08,0.479189902556525,0.271243157276784,0.499133880333381,0.229622962389835,0.999999970410715
7.72281357138864e-08,0.478615391655734,0.271841909487817,0.499085397712899,0.229072692799284,0.999999969619442
7.93961784538228e-08,0.478025333718643,0.272457551900676,0.499034228761363,0.228508219337962,0.999999968808142
8.16250851428724e-08,0.477419327716216,0.273090558697158,0.498980227173251,0.227929214129591,0.999999967976373
8.39165644283016e-08,0.476796963555858,0.273741416988215,0.498923238911853,0.227335344099932,0.999999967123685
8.62723729246145e-08,0.476157821964576,0.274410627123813,0.498863101823222,0.226726271052965,0.999999966249625
8.8694316560147e-08,0.475501474377484,0.275098703005989,0.498799645233054,0.226101651760958,0.999999965353732
9.11842519614656e-08,0.474827482832333,0.275806172404707,0.49873268952592,0.225461138069374,0.99999996443554
9.374408787663e-08,0.474135399870777,0.276533577276044,0.498662045706357,0.224804377017599,0.999999963494578
9.63757866384109e-08,0.473424768447162,0.277281474082199,0.498587514941278,0.224131010976524,0.99999996253037
9.90813656685867e-08,0.472695121845664,0.278050434112732,0.498508888083206,0.223440677804061,0.999999961542435
1.01862899024469e-07,0.471945983606654,0.278841043806418,0.498425945173856,0.222733011019726,0.999999960530288
1.04722518988844e-07,0.471176867463242,0.279653905072964,0.498338454927589,0.222007639999448,0.999999959493437
1.07662417704549e-07,0.470387277289003,0.280489635613828,0.498246174194338,0.221264190191834,0.999999958431391
1.10684848854941e-07,0.469576707057952,0.281348869241255,0.498148847401587,0.220502283357158,0.999999957343651
1.13792129391531e-07,0.468744640817912,0.282232256194551,0.498046205975073,0.219721537830376,0.999999956229718
1.16986641310131e-07,0.467890552678483,0.283140463452562,0.497937967737909,0.218921568809529,0.999999955089089
1.20270833476851e-07,0.467013906814883,0.284074175041173,0.497823836287887,0.21810198867094,0.999999953921258
1.23647223505371e-07,0.466114157489042,0.285034092334558,0.4977035003528,0.217262407312642,0.99999995272572
1.27118399686903e-07,0.46519074908936,0.286020934348803,0.497576633123674,0.216402432527523,0.999999951501966
1.30687022974335e-07,0.464243116190677,0.287035438026359,0.49744289156593,0.215521670407712,0.999999950249488
1.34355829022083e-07,0.463270683636025,0.2880783585097,0.497301915708551,0.214619725781749,0.999999948967777
1.38127630283201e-07,0.462272866641886,0.289150469402373,0.497153327911482,0.213696202686145,0.999999947656326
1.42005318165368e-07,0.461249070928708,0.290252563015499,0.496996732111586,0.212750704872915,0.99999994631463
1.45991865247398e-07,0.460198692878564,0.291385450597616,0.496831713047641,0.211782836354743,0.999999944942183
1.50090327557974e-07,0.459121119721903,0.292549962545586,0.496657835465022,0.210792201989392,0.999999943538485
1.54303846918356e-07,0.458015729755463,0.293746948594106,0.496474643300863,0.209778408105031,0.999999942103039
1.58635653350859e-07,0.456881892593468,0.294977277981174,0.496281658850715,0.208741063168111,0.999999940635353
1.63089067554933e-07,0.455718969454386,0.296241839586655,0.496078381917919,0.207679778495426,0.999999939134939
1.6766750345277e-07,0.45452631348554,0.297541542040896,0.495864288947128,0.206594169011975,0.999999937601318
1.72374470806362e-07,0.453303270128039,0.298877313800107,0.495638832143708,0.205483854056185,0.999999936034016
1.77213577908036e-07,0.452049177524518,0.300250103184994,0.495401438580976,0.20434845823403,0.999999934432571
1.82188534346517e-07,0.450763366972301,0.301660878378908,0.495151509297583,0.203187612323509,0.999999932796528
1.87303153850643e-07,0.449445163424672,0.303110627381508,0.494888418387642,0.202000954230851,0.999999931125445
1.9256135721292e-07,0.44809388604302,0.30460035791369,0.49461151208658,0.20078812999973,0.999999929418891
1.97967175295133e-07,0.446708848802693,0.306131097269277,0.494320107856061,0.199548794874662,0.999999927676449
2.03524752118358e-07,0.44528936115545,0.30770389210868,0.494013493471741,0.19828261441958,0.999999925897719
2.09238348039698e-07,0.443834728751486,0.309319808189486,0.493690926118056,0.196989265692458,0.999999924082314
2.15112343018217e-07,0.442344254224001,0.310979930028638,0.493351631494723,0.195668438476639,0.999999922229869
2.21151239972549e-07,0.440817238039352,0.312685360490599,0.492994802940098,0.194319836569303,0.999999920340034
2.27359668232772e-07,0.439252979415829,0.314437220295616,0.49261960057711,0.192943179127274,0.999999918412484
2.33742387089181e-07,0.437650777314079,0.316236647441919,0.492225150488005,0.191538202070076,0.999999916446914
2.40304289440697e-07,0.436009931502197,0.318084796535434,0.491810543924737,0.190104659539829,0.999999914443046
2.47050405545683e-07,0.434329743698461,0.319982838020312,0.491374836562453,0.188642325417235,0.999999912400625
2.53985906878073e-07,0.432609518794581,0.321931957303351,0.490917047804136,0.187150994892513,0.999999910319427
2.61116110091746e-07,0.430848566162284,0.323933353765134,0.490436160145164,0.185630486089703,0.999999908199255
2.68446481096197e-07,0.429046201045882,0.325988239650539,0.489931118607158,0.184080641742303,0.999999906039947
2.75982639246618e-07,0.427201746043326,0.328097838831048,0.489400830251252,0.1825013309177,0.999999903841372
2.83730361651621e-07,0.425314532678041,0.330263385431189,0.488844163781541,0.180892450787271,0.999999901603434
2.91695587601879e-07,0.423383903063584,0.332486122311297,0.488259949250237,0.179253928438466,0.999999899326076
2.99884423123102e-07,0.421409211662884,0.334767299398765,0.487646977876702,0.177585722724533,0.999999897009281
3.08303145656828e-07,0.419389827143467,0.337108171859914,0.487004001993239,0.175887826146847,0.999999894653072
3.16958208872612e-07,0.417325134329698,0.339509998104703,0.486329735131198,0.174160266764099,0.999999892257516
3.25856247615323e-07,0.415214536252594,0.34197403761663,0.485622852261553,0.172403110121817,0.999999889822725
3.35004082991314e-07,0.413057456297258,0.34450154860038,0.484881990204724,0.170616461194896,0.99999988734886
3.44408727597382e-07,0.410853340447429,0.347093785440102,0.484105748224938,0.16880046633496,0.99999988483613
3.54077390896527e-07,0.408601659625957,0.349751995961606,0.483292688824876,0.166955315213519,0.999999882284796
3.64017484744614e-07,0.406301912129342,0.352477418492292,0.482441338756731,0.165081242750977,0.999999879695172
3.74236629072198e-07,0.403953626153664,0.355271278713299,0.481550190266074,0.163178531020627,0.999999877067628
3.84742657725851e-07,0.401556362408364,0.358134786299123,0.480617702585027,0.16124751111585,0.99999987440259
3.9554362447347e-07,0.39910971681344,0.361069131340915,0.479642303691291,0.159288564967794,0.999999871700543
4.06647809178186e-07,0.396613323274557,0.364075480550771,0.478622392349343,0.157302127099886,0.999999868962033
4.18063724145576e-07,0.394066856529528,0.367154973245577,0.477556340449789,0.155288686304634,0.999999866187668
4.2980012064908e-07,0.39147003505843,0.37030871711043,0.476442495662279,0.153248787227291,0.999999863378118
4.41865995638594e-07,0.388822624048426,0.373537783743301,0.475279184416547,0.151183031840153,0.999999860534118
4.54270598637404e-07,0.386124438403031,0.37684320398442,0.474064715225098,0.149092080790482,0.99999985765647
4.67023438832733e-07,0.383375345784244,0.380225963035909,0.472797382359695,0.146976654604397,0.999999854746041
4.80134292365345e-07,0.380575269674542,0.383686995379397,0.471475469892122,0.144837534728481,0.999999851803767
4.93613209823792e-07,0.377724192444311,0.387227179501814,0.47009725610775,0.142675564390437,0.99999984883065
5.07470523949047e-07,0.374822158408811,0.390847332442157,0.468661018298065,0.140491649259778,0.999999845827762
5.21716857555435e-07,0.371869276857308,0.394548204174853,0.467165037935677,0.13828675788947,0.999999842796242
5.36363131673925e-07,0.368865725035544,0.398330471848333,0.465607606232245,0.136061921919422,0.999999839737298
5.5142057392403e-07,0.365811751061254,0.402194733900559,0.463987030076373,0.133818236023067,0.999999836652206
5.66900727120743e-07,0.362707676751089,0.406141504076546,0.462301638344732,0.131556857578723,0.99999983354231
5.82815458123084e-07,0.359553900335974,0.41017120537627,0.460549788575513,0.129279006048217,0.999999830409017
5.99176966931061e-07,0.356350899040739,0.414284163964826,0.45872987398887,0.126985962046304,0.999999827253801
6.15997796038017e-07,0.353099231502792,0.41848060308012,0.456840330834175,0.124679066085704,0.9999998240782
6.33290840045511e-07,0.349799540003713,0.422760636976857,0.45487964603886,0.122359716984283,0.999999820883811
6.51069355548147e-07,0.346452552486964,0.427124264948882,0.452846365128308,0.12002936992281,0.99999981767229
6.69346971295867e-07,0.343059084334445,0.431571365475171,0.450739100380769,0.117689534144061,0.999999814445351
6.88137698641567e-07,0.339620039874451,0.436101690537699,0.4485565391757,0.115341770286601,0.999999811204759
7.07455942281988e-07,0.336136413593721,0.440714860162111,0.446297452488336,0.112987687349553,0.99999980795233
7.27316511300145e-07,0.332609291026726,0.445410357234413,0.443960703477723,0.110628939287865,0.999999804689926
7.47734630517758e-07,0.329039849296193,0.45018752264874,0.441545256110136,0.108267221241125,0.99999980141945
7.68725952166374e-07,0.325429357280076,0.45504555084258,0.439050183754689,0.105904265402731,0.999999798142844
7.90306567886135e-07,0.321779175381874,0.459983485776489,0.436474677683275,0.103541836540236,0.999999794862082
8.12493021061405e-07,0.318090754883232,0.465000217415349,0.433818055402839,0.101181727181813,0.999999791579167
8.35302319502679e-07,0.314365636860339,0.470094478767422,0.431079768744479,0.0988257524880992,0.999999788296122
8.58751948484518e-07,0.310605450648555,0.475264843535863,0.428259411631165,0.0964757448329722,0.999999785014993
8.82859884149515e-07,0.306811911843135,0.480509724434846,0.42535672744404,0.0941335481211149,0.99999978173783
9.07644607288536e-07,0.302986819827689,0.485827372219078,0.422371615906467,0.0918010118744551,0.999999778466696
9.33125117507824e-07,0.299132054826219,0.491215875471125,0.419304139405311,0.0894799851235638,0.999999775203648
9.59320947793823e-07,0.29524957447908,0.496673161185712,0.416154528670416,0.0871723101438724,0.999999771950741
9.86252179486878e-07,0.29134140994799,0.502196996183991,0.412923187736037,0.0848798160799715,0.999999768710013
1.01393945767529e-06,0.287409661560249,0.507784989383735,0.409610698112033,0.0826043125042323,0.999999765483485
1.04240400702156e-06,0.283456494007427,0.513434594943585,0.406217822097975,0.08034758295844,0.999999762273155
1.07166764803286e-06,0.279484131119018,0.519143116290968,0.402745505180027,0.0781113785290043,0.999999759080987
1.10175281378839e-06,0.275494850236655,0.524907711034202,0.399194877458286,0.0758974115075119,0.999999755908908
1.13268256713615e-06,0.271490976219561,0.530725396749767,0.395567254061344,0.0737073491888893,0.999999752758802
1.16448061837269e-06,0.267474875116637,0.536593057625919,0.391864134514886,0.0715428078591942,0.999999749632504
1.19717134341897e-06,0.263448947545065,0.542507451933898,0.388087201042074,0.0694053470240287,0.999999746531796
1.23077980250667e-06,0.259415621819316,0.548465220288132,0.384238315785103,0.0672964639267647,0.999999743458399
1.26533175938894e-06,0.255377346877947,0.554462894647311,0.380319516949484,0.0652175884032046,0.99999974041397
1.30085370109057e-06,0.251336585058465,0.560496907999059,0.376333013884951,0.0631700781159897,0.999999737400098
1.3373728582125e-06,0.247295804772795,0.566563604662497,0.372281181129416,0.061155214208087,0.999999734418298
1.37491722580642e-06,0.243257473137341,0.572659251135381,0.368166551454555,0.0591741974100632,0.99999973147001
1.4135155848354e-06,0.239224048612439,0.578780047405836,0.363991807963449,0.0572281446307147,0.999999728556593
1.4531975242369e-06,0.235197973705921,0.5849221386432,0.359759775301759,0.0553180860550415,0.999999725679326
1.49399346360526e-06,0.231181667794702,0.591081627178224,0.355473410054149,0.0534449627676274,0.999999722839402
1.5359346765109e-06,0.22717752011673,0.597254584679909,0.351135790406722,0.0516096249133687,0.999999720037926
1.57905331447418e-06,0.223187882983292,0.603437064434675,0.346750105164065,0.0498128304012593,0.99999971727592
1.62338243161228e-06,0.219215065258692,0.609625113633363,0.342319642215889,0.0480552441507475,0.999999714554314
1.66895600997803e-06,0.215261326150683,0.61581478557275,0.337847776553134,0.0463374378741161,0.99999971187395
1.71580898561001e-06,0.211328869350895,0.622002151680754,0.333337957936702,0.0446598903825438,0.999999709235583
1.76397727531405e-06,0.207419837559897,0.628183313278258,0.32879369832369,0.0430229883980522,0.99999970663988
1.8134978041965e-06,0.203536307426597,0.634354412995365,0.324218559156077,0.0414270278485583,0.999999704087418
1.86440853397049e-06,0.19968028492648,0.640511645765811,0.319616138615418,0.0398722156187712,0.999999701578693
1.91674849205681e-06,0.195853701197883,0.646651269330022,0.314990058944192,0.0383586717257866,0.999999699114115
1.9705578015018e-06,0.192058408850103,0.652769614184771,0.31034395393025,0.0368864318849782,0.999999696694012
2.02587771173502e-06,0.188296178751871,0.658863092925434,0.305681456645391,0.0354554504291749,0.999999694318633
2.08275063019052e-06,0.184568697303502,0.664928208935174,0.301006187522648,0.0340656035421784,0.999999691988152
2.14122015481573e-06,0.180877564191189,0.670961564384019,0.296321742849583,0.0327166927663978,0.999999689702667
2.20133110749303e-06,0.177224290617186,0.676959867509366,0.291631683746896,0.031408448743738,0.999999687462206
2.26312956839953e-06,0.173610297995442,0.682919939157965,0.286939525693185,0.0301405351488501,0.999999685266732
2.32666291133146e-06,0.170036917098352,0.688838718577681,0.282248728647935,0.0289125527743838,0.999999683116141
2.39197984002024e-06,0.16650538763687,0.694713268455187,0.277562687815887,0.0277240437289259,0.99999968101027
2.45913042546804e-06,0.163016858253332,0.700540779203142,0.272884725087052,0.0265744957098062,0.999999678948898
2.5281661443315e-06,0.159572386903812,0.706318572507209,0.268218081177957,0.0254633463148337,0.999999676931752
2.59913991838293e-06,0.156172941604873,0.71204410414949,0.263565908491273,0.0243899873592365,0.999999674958508
2.67210615507944e-06,0.152819401518055,0.717714966130431,0.258931264703028,0.0233537691665416,0.999999673028797
2.74712078927081e-06,0.149512558344348,0.723328888116089,0.254317107079126,0.0223540048047854,0.999999671142206
2.82424132607844e-06,0.146253118000248,0.72888373824174,0.249726287516024,0.0213899742422361,0.999999669298285
2.90352688497781e-06,0.143041702546745,0.734377523306173,0.245161548294164,0.0204609283996632,0.999999667496545
2.98503824511873e-06,0.139878852342683,0.739808388393707,0.240625518527221,0.0195660930790728,0.999999665736467
3.06883789191764e-06,0.13676502839433,0.745174615963014,0.236120711285312,0.0187046727516738,0.999999664017503
3.15499006495809e-06,0.133700614873719,0.750474624443186,0.231649521366188,0.017875854190625,0.999999662339078
3.24356080723581e-06,0.130685921779242,0.755706966378309,0.227214223684898,0.0170788099367925,0.999999660700593
3.33461801578637e-06,0.127721187713086,0.760870326162115,0.222816972249597,0.0163127015882873,0.99999965910143
3.42823149373397e-06,0.124806582751458,0.765963517404036,0.218459799689012,0.015576682906952,0.999999657540954
3.52447300380159e-06,0.121942211384883,0.770985479967412,0.214144617295409,0.0148699027371789,0.999999656018512
3.62341632332315e-06,0.119128115507441,0.775935276719594,0.209873215545929,0.0141915077344763,0.999999654533443
3.72513730080021e-06,0.116364277435326,0.780812090032398,0.205647265064551,0.0135406449030512,0.999999653085072
3.82971391404628e-06,0.113650622936746,0.785615218069826,0.201468317986856,0.0129164639433182,0.999999651672716
3.93722632996347e-06,0.110987024256755,0.790344070898202,0.197337809690084,0.0123181194117133,0.999999650295689
4.04775696599732e-06,0.108373303122244,0.794998166451967,0.193257060851579,0.0117447726964539,0.999999648953297
4.16139055331671e-06,0.105809233713823,0.799577126386338,0.189227279799679,0.0111955938139833,0.999999647644845
4.27821420176762e-06,0.103294545592895,0.804080671845958,0.185249565122294,0.0106697630317479,0.999999646369637
4.39831746665023e-06,0.10082892657362,0.808508619176477,0.181324908499805,0.0101664723237177,0.999999645126977
4.5217924173707e-06,0.0984120255308854,0.812860875603885,0.177454197730459,0.00968492666565582,0.999999643916173
4.64873370802026e-06,0.096043455136673,0.81713743490427,0.173638219918114,0.00922434517761622,0.999999642736531
4.7792386499356e-06,0.09372279451846,0.82133837308456,0.16987766479396,0.0087839621214798,0.999999641587367
4.91340728629636e-06,0.0914495918343948,0.82546384409278,0.16617312814565,0.0083630277615698,0.999999640467998
5.05134246881677e-06,0.0892233667610564,0.829514075574393,0.162525115329102,0.00796080909650543,0.999999639377749
5.19314993659021e-06,0.0870436128905574,0.833489364689377,0.158934044840132,0.00757659047049147,0.999999638315952
5.33893839714736e-06,0.084909800034621,0.837390074002953,0.155400251924853,0.00720967407219475,0.999999637281944
5.48881960978968e-06,0.0828213764340576,0.841216627461134,0.151923992209617,0.0068593803292491,0.999999636275073
5.64290847126254e-06,0.080777770872768,0.844969506460727,0.14850544533301,0.00652504820626279,0.999999635294695
5.80132310383338e-06,0.0787783946960389,0.848649246021913,0.145144718564097,0.00620603541399037,0.999999634340176
5.96418494584246e-06,0.076822643733446,0.852256431070182,0.141841850392743,0.00590171853707439,0.999999633410889
6.13161884479577e-06,0.0749099001271772,0.85579169283313,0.138596814079385,0.00561149308748451,0.99999963250622
6.30375315307127e-06,0.0730395340670057,0.859255705356459,0.135409521153071,0.00533477349047026,0.999999631625565
6.48071982631197e-06,0.0712109054335154,0.862649182142493,0.132279824847984,0.00507099300952341,0.999999630768328
6.66265452458115e-06,0.0694233653514859,0.865972872913538,0.129207523469951,0.00481960361651021,0.999999629933928
6.84969671635745e-06,0.0676762576556052,0.869227560501579,0.126192363685631,0.00458007581278949,0.999999629121791
7.0419897854493e-06,0.0659689202708986,0.872414057864996,0.123234043728211,0.00435189840679293,0.999999628331356
7.23968114091088e-06,0.0643006865104239,0.875533205232347,0.120332216514457,0.0041345782531952,0.999999627562074
7.44292233004376e-06,0.0626708862929308,0.878585867372607,0.117486492668924,0.00392763995846863,0.999999626813405
7.65186915457082e-06,0.0610788472832749,0.881572930990729,0.114696443451992,0.00373062555727872,0.999999626084823
7.86668179007157e-06,0.0595238959584533,0.884495302246952,0.11196160358919,0.00354309416385834,0.99999962537581
8.08752490877046e-06,0.0580053586021764,0.887353904397831,0.109281473999985,0.00336462160218406,0.999999624685863
8.31456780577206e-06,0.0565225622309066,0.89014967555666,0.106655524424866,0.00319480001847376,0.999999624014486
8.54798452884042e-06,0.0550748354543058,0.89288356657063,0.104083195950128,0.00303323747924199,0.999999623361198
8.78795401182133e-06,0.0536615092730116,0.895556539011847,0.101563903430284,0.00287955755786964,0.999999622725526
9.03466021181053e-06,0.0522819178166363,0.898169563279114,0.0990970378085,0.00273339891238636,0.999999622107009
9.2882922501725e-06,0.0509353990248384,0.900723616807238,0.0966819683358468,0.00259441485691499,0.999999621505199
9.54904455751808e-06,0.0496212952742619,0.903219682380474,0.094318044690529,0.00246227292899739,0.999999620919654
9.81711702275218e-06,0.04833895395408,0.905658746546641,0.0920045989985589,0.0023366544548005,0.999999620349946
1.00927151463057e-05,0.0470877279928032,0.90804179812839,0.0897409477576131,0.00221725411399665,0.999999619795656
1.03760501976691e-05,0.0458669763389452,0.910369826828034,0.0875263936660422,0.00210377950592411,0.999999619256376
1.06673393773486e-05,0.0446760643980492,0.912643821922354,0.085360227359194,0.00199595071845217,0.999999618731708
1.09668059833687e-05,0.0435143644285029,0.914864771043808,0.0832417290553785,0.00189349990081362,0.999999618221262
1.12746795824495e-05,0.0423812558984792,0.917033659044556,0.0811701701139303,0.001796170841514,0.999999617724661
1.15911961859889e-05,0.0412761258062518,0.919151466939781,0.0791448145079345,0.00170371855228457,0.999999617241533
1.19165984309856e-05,0.0401983689660486,0.921219170926822,0.077164920214258,0.0016159088589196,0.99999961677152
1.22511357660412e-05,0.0391473882615148,0.923237741476687,0.075229740523596,0.00153251799971682,0.999999616314271
1.25950646425836e-05,0.0381225948687717,0.925208142494589,0.0733385252732778,0.00145333223213281,0.999999615869442
1.2948648711459e-05,0.0371234084509667,0.927131330546232,0.0714905220056031,0.00137814744816517,0.999999615436701
1.33121590250431e-05,0.0361492573261261,0.929008254146631,0.0696849770544862,0.00130676879888297,0.999999615015724
1.36858742450252e-05,0.0351995786100373,0.930839853108371,0.0679211365631841,0.00123901032844521,0.999999614606193
1.40700808560269e-05,0.0342738183358023,0.932627057946267,0.066198247435862,0.00117469461787133,0.999999614207801
1.44650733852165e-05,0.0333714315516288,0.934370789335507,0.0645155582257293,0.0011136524387642,0.999999613820247
1.48711546280895e-05,0.0324918823983382,0.936071957620444,0.0628723199624349,0.00105572241712071,0.999999613443239
1.52886358805873e-05,0.0316346441680049,0.937731462371307,0.0612677869213766,0.0010007507073166,0.999999613076493
1.57178371777316e-05,0.0307991993450581,0.939350191986183,0.0597012173375188,0.000948590676298662,0.999999612719731
1.61590875389592e-05,0.0299850396311126,0.940929023335754,0.0581718740662659,0.000899102597979679,0.999999612372683
1.66127252203429e-05,0.0291916659547242,0.942468821448341,0.0566790251938705,0.000852153357788925,0.999999612035087
1.70790979738943e-05,0.0284185884672005,0.9439704392329,0.0552219445997992,0.000807616167300927,0.999999611706687
1.75585633141447e-05,0.0276653265255362,0.945434717237762,0.0537999124734031,0.000765370288834624,0.999999611387233
1.80514887922111e-05,0.0269314086634787,0.946862483442932,0.0524122157871791,0.00072530076988913,0.999999611076483
1.85582522775552e-05,0.0262163725516767,0.948254553083908,0.05105814872883,0.000687298187261765,0.999999610774202
1.90792422476527e-05,0.0255197649478042,0.949611728505065,0.0497370130942622,0.000651258400673094,0.99999961048016
1.96148580857943e-05,0.0248411416375049,0.950934799040701,0.048448118643588,0.000617082315710921,0.999999610194132
2.01655103872475e-05,0.0241800673669489,0.95222454092199,0.0471907834221217,0.000584675655888017,0.999999609915902
2.07316212740123e-05,0.0235361157677455,0.953481717208109,0.0459643340482909,0.000553948743600069,0.999999609645257
