1e-09,0.499972502117384,0.250027498613751,0.249999999268865,0.249999999268865,0.249972502848518,0.999999999795024
1.02807322383086e-09,0.49997173022269,0.250028270550789,0.24999999922652,0.24999999922652,0.24997173099617,0.999999999789271
1.05693455355799e-09,0.499970936661813,0.250029064156443,0.249999999181745,0.249999999181745,0.249970937480068,0.999999999783356
1.0866061138546e-09,0.499970120826704,0.250029880038897,0.249999999134399,0.249999999134399,0.249970121692306,0.999999999777274
1.11711065050482e-09,0.49996928209226,0.250030718823403,0.249999999084337,0.249999999084337,0.249969283007923,0.999999999771022
1.14847154784029e-09,0.499968419815837,0.250031581152761,0.249999999031402,0.249999999031402,0.249968420784434,0.999999999764595
1.18071284666619e-09,0.499967533336763,0.250032467687805,0.249999998975432,0.249999998975432,0.249967534361331,0.999999999757988
1.21385926269063e-09,0.499966621975833,0.250033379107914,0.249999998916253,0.249999998916252,0.249966623059581,0.999999999751194
1.24793620547131e-09,0.499965685034788,0.250034316111532,0.24999999885368,0.24999999885368,0.249965686181108,0.999999999744211
1.28296979789415e-09,0.499964721795779,0.2500352794167,0.249999998787521,0.249999998787521,0.249964723008258,0.999999999737031
1.31898689619867e-09,0.499963731520824,0.250036269761606,0.24999999871757,0.24999999871757,0.249963732803253,0.99999999972965
1.35601511056563e-09,0.499962713451235,0.250037287905153,0.249999998643612,0.249999998643612,0.249962714807623,0.999999999722061
1.39408282628258e-09,0.499961666807045,0.250038334627538,0.249999998565416,0.249999998565416,0.249961668241629,0.99999999971426
1.43321922550358e-09,0.49996059078641,0.250039410730848,0.249999998482742,0.249999998482742,0.249960592303668,0.99999999970624
1.47345430961984e-09,0.499959484564991,0.250040517039675,0.249999998395334,0.249999998395334,0.249959486169658,0.999999999697994
1.51481892225835e-09,0.499958347295331,0.250041654401748,0.24999999830292,0.249999998302921,0.249958348992411,0.999999999689518
1.55734477292614e-09,0.499957178106202,0.250042823688581,0.249999998205217,0.249999998205217,0.249957179900985,0.999999999680803
1.60106446131832e-09,0.499955976101939,0.25004402579614,0.249999998101921,0.249999998101921,0.249955978000019,0.999999999671844
1.64601150230855e-09,0.49995474036176,0.250045261645527,0.249999997992713,0.249999997992713,0.249954742369047,0.999999999662633
1.69222035164104e-09,0.499953469939055,0.250046532183689,0.249999997877256,0.249999997877256,0.249953472061799,0.999999999653164
1.7397264323438e-09,0.499952163860669,0.250047838384137,0.249999997755194,0.249999997755194,0.249952166105475,0.999999999643429
1.78856616188346e-09,0.499950821126154,0.250049181247696,0.24999999762615,0.249999997626149,0.249950823500005,0.999999999633421
1.83877698008233e-09,0.499949440707008,0.250050561803268,0.249999997489724,0.249999997489724,0.249949443217284,0.999999999623133
1.89039737781922e-09,0.499948021545885,0.250051981108618,0.249999997345497,0.249999997345497,0.249948024200388,0.999999999612555
1.94346692653602e-09,0.499946562555789,0.250053440251188,0.249999997193023,0.249999997193023,0.249946565362767,0.999999999601681
1.99802630857255e-09,0.499945062619246,0.250054940348923,0.249999997031831,0.249999997031831,0.249945065587415,0.999999999590501
2.05411734835306e-09,0.499943520587445,0.25005648255113,0.249999996861425,0.249999996861425,0.24994352372602,0.999999999579008
2.11178304444824e-09,0.499941935279366,0.250058068039356,0.249999996681279,0.249999996681279,0.249941938598087,0.999999999567192
2.17106760253726e-09,0.499940305480873,0.25005969802829,0.249999996490837,0.249999996490837,0.249940308990036,0.999999999555045
2.23201646929523e-09,0.499938629943792,0.250061373766696,0.249999996289512,0.249999996289512,0.24993863365428,0.999999999542557
2.29467636723194e-09,0.499936907384952,0.250063096538364,0.249999996076684,0.249999996076684,0.249936911308268,0.999999999529719
2.35909533050864e-09,0.49993513648521,0.250064867663093,0.249999995851697,0.249999995851697,0.249935140633514,0.99999999951652
2.42532274176036e-09,0.499933315888443,0.2500666884977,0.249999995613857,0.249999995613857,0.249933320274586,0.999999999502951
2.49340936995188e-09,0.49993144420051,0.250068560437058,0.249999995362432,0.249999995362432,0.249931448838078,0.999999999489001
2.56340740929651e-09,0.499929519988189,0.250070484915163,0.249999995096647,0.249999995096647,0.249929524891542,0.999999999474661
2.63537051926739e-09,0.499927541778088,0.250072463406228,0.249999994815684,0.249999994815684,0.249927546962404,0.999999999459917
2.70935386573205e-09,0.499925508055513,0.25007449742581,0.249999994518677,0.249999994518677,0.249925513536835,0.99999999944476
2.78541416324176e-09,0.499923417263317,0.250076588531971,0.249999994204713,0.249999994204713,0.249923423058604,0.999999999429178
2.86360971850811e-09,0.49992126780071,0.250078738326466,0.249999993872824,0.249999993872824,0.249921273927887,0.999999999413158
2.94400047510004e-09,0.499919058022042,0.250080948455969,0.249999993521988,0.249999993521988,0.249919064500054,0.999999999396689
3.0266480593957e-09,0.499916786235542,0.250083220613331,0.249999993151127,0.249999993151127,0.249916793084414,0.999999999379759
3.11161582782436e-09,0.49991445070203,0.25008555653887,0.249999992759099,0.249999992759099,0.249914457942931,0.999999999362353
3.19896891543454e-09,0.499912049633595,0.250087958021707,0.249999992344698,0.249999992344698,0.249912057288897,0.999999999344459
3.28877428582551e-09,0.499909581192226,0.250090426901125,0.249999991906649,0.249999991906649,0.249909589285577,0.999999999326063
3.38110078248068e-09,0.499907043488415,0.250092965067981,0.249999991443604,0.249999991443604,0.24990705204481,0.999999999307151
3.47601918154197e-09,0.499904434579714,0.250095574466146,0.24999999095414,0.24999999095414,0.249904443625573,0.999999999287708
3.57360224606578e-09,0.499901752469257,0.250098257093991,0.249999990436752,0.249999990436751,0.249901762032506,0.99999999926772
3.67392478180208e-09,0.499898995104241,0.250101015005912,0.249999989889847,0.249999989889847,0.249899005214394,0.999999999247172
3.77706369453937e-09,0.499896160374356,0.250103850313898,0.249999989311746,0.249999989311746,0.24989617106261,0.999999999226047
3.88309804905961e-09,0.499893246110183,0.250106765189146,0.249999988700671,0.249999988700671,0.249893257409512,0.99999999920433
3.99210912974805e-09,0.49989025008154,0.250109761863716,0.249999988054744,0.249999988054744,0.249890262026796,0.999999999182003
4.10418050290471e-09,0.499887169995785,0.250112842632235,0.24999998737198,0.24999998737198,0.249887182623805,0.99999999915905
4.21939808080502e-09,0.499884003496072,0.250116009853648,0.249999986650281,0.24999998665028,0.249884016845791,0.999999999135454
4.33785018755898e-09,0.499880748159553,0.250119265953019,0.249999985887428,0.249999985887428,0.249880762272125,0.999999999111196
4.45962762681909e-09,0.49987740149554,0.25012261342338,0.24999998508108,0.24999998508108,0.24987741641446,0.999999999086257
4.58482375138911e-09,0.499873960943608,0.250126054827633,0.249999984228759,0.249999984228759,0.24987397671485,0.999999999060619
4.71353453478692e-09,0.499870423871648,0.250129592800506,0.249999983327846,0.249999983327846,0.249870440543802,0.999999999034263
4.8458586448165e-09,0.499866787573864,0.25013323005056,0.249999982375576,0.249999982375576,0.249866805198288,0.999999999007167
4.98189751920517e-09,0.499863049268719,0.250136969362258,0.249999981369023,0.249999981369023,0.249863067899696,0.999999998979312
5.12175544336424e-09,0.49985920609682,0.250140813598081,0.249999980305098,0.249999980305098,0.249859225791722,0.999999998950674
5.26553963033276e-09,0.499855255118746,0.250144765700721,0.249999979180534,0.249999979180534,0.249855275938212,0.999999998921235
5.41336030296538e-09,0.499851193312811,0.25014882869531,0.249999977991879,0.249999977991879,0.249851215320932,0.99999999889097
5.56533077842764e-09,0.499847017572777,0.25015300569174,0.249999976735484,0.249999976735484,0.249847040837293,0.999999998859856
5.72156755506324e-09,0.499842724705489,0.250157299887018,0.249999975407493,0.249999975407493,0.249842749297996,0.99999999882787
5.88219040169997e-09,0.499838311428454,0.250161714567715,0.249999974003831,0.249999974003831,0.249838337424624,0.999999998794988
6.04732244946265e-09,0.499833774367352,0.250166253112457,0.249999972520191,0.249999972520191,0.249833801847162,0.999999998761183
6.21709028616383e-09,0.499829110053473,0.250170918994507,0.24999997095202,0.24999997095202,0.249829139101453,0.999999998726431
6.39162405334401e-09,0.499824314921087,0.250175715784404,0.249999969294509,0.249999969294509,0.249824345626578,0.999999998690705
6.57105754603627e-09,0.499819385304744,0.250180647152685,0.249999967542571,0.249999967542571,0.249819417762173,0.999999998653977
6.75552831533164e-09,0.499814317436492,0.250185716872673,0.249999965690835,0.249999965690835,0.249814351745657,0.99999999861622
6.94517777382369e-09,0.499809107443026,0.250190928823354,0.24999996373362,0.24999996373362,0.249809143709406,0.999999998577405
7.14015130401339e-09,0.499803751342751,0.250196286992324,0.249999961664925,0.249999961664925,0.249803789677826,0.999999998537502
7.3405983697572e-09,0.499798245042769,0.250201795478825,0.249999959478406,0.249999959478406,0.249798285564363,0.99999999849648
7.5466726308439e-09,0.499792584335782,0.250207458496857,0.249999957167361,0.249999957167361,0.249792627168422,0.999999998454309
7.75853206078784e-09,0.499786764896909,0.250213280378388,0.249999954724703,0.249999954724703,0.249786810172207,0.999999998410956
7.97633906792928e-09,0.499780782280413,0.250219265576641,0.249999952142946,0.249999952142946,0.249780830137467,0.999999998366389
8.20026061993413e-09,0.49977463191634,0.250225418669484,0.249999949414176,0.249999949414176,0.249774682502164,0.999999998320572
8.43046837178897e-09,0.49976830910707,0.250231744362899,0.249999946530031,0.249999946530031,0.249768362577038,0.999999998273472
8.66713879738922e-09,0.499761809023762,0.250238247494565,0.249999943481674,0.249999943481674,0.249761865542088,0.999999998225053
8.9104533248215e-09,0.499755126702711,0.250244933037526,0.249999940259762,0.249999940259762,0.249755186442949,0.999999998175277
9.16059847544369e-09,0.499748257041605,0.250251806103969,0.249999936854427,0.249999936854427,0.249748320187178,0.999999998124106
9.41776600686954e-09,0.499741194795666,0.250258871949099,0.249999933255235,0.249999933255235,0.249741261540431,0.999999998071502
9.6821530599671e-09,0.499733934573707,0.25026613597513,0.249999929451163,0.249999929451163,0.249734005122543,0.999999998017425
9.95396230998424e-09,0.499726470834057,0.250273603735382,0.249999925430561,0.249999925430561,0.249726545403497,0.999999997961833
1.02334021219164e-08,0.499718797880396,0.25028128093849,0.249999921181114,0.249999921181114,0.249718876699281,0.999999997904684
1.05206867102362e-08,0.499710909857457,0.25028917345273,0.249999916689813,0.249999916689813,0.249710993167644,0.999999997845935
1.08160363031071e-08,0.499702800746625,0.250297287310469,0.249999911942906,0.249999911942906,0.249702888803719,0.99999999778554
1.1119677311207e-08,0.499694464361408,0.250305628712731,0.249999906925861,0.249999906925861,0.249694557435546,0.999999997723455
1.14318425012915e-08,0.499685894342783,0.250314204033895,0.249999901623322,0.249999901623322,0.249685992719462,0.999999997659631
1.17527711746295e-08,0.499677084154424,0.250323019826516,0.24999989601906,0.24999989601906,0.249677188135365,0.99999999759402
1.20827093504478e-08,0.499668027077786,0.250332082826291,0.249999890095924,0.249999890095924,0.249668136981862,0.999999997526573
1.24219099545262e-08,0.499658716207066,0.250341399957144,0.24999988383579,0.24999988383579,0.249658832371275,0.999999997457237
1.27706330130864e-08,0.499649144444024,0.250350978336469,0.249999877219507,0.249999877219507,0.249649267224516,0.999999997385961
1.31291458521247e-08,0.499639304492659,0.250360825280506,0.249999870226835,0.249999870226835,0.249639434265824,0.999999997312691
1.34977233023394e-08,0.499629188853746,0.25037094830987,0.249999862836384,0.249999862836384,0.249629326017362,0.999999997237369
1.38766479098131e-08,0.499618789819219,0.250381355155229,0.249999855025552,0.249999855025552,0.249618934793667,0.99999999715994
1.42662101526074e-08,0.499608099466405,0.250392053763139,0.249999846770456,0.249999846770456,0.249608252695949,0.999999997080344
1.46667086634397e-08,0.499597109652101,0.250403052302045,0.249999838045855,0.249999838045855,0.249597271606246,0.999999996998522
1.50784504586105e-08,0.499585812006489,0.250414359168435,0.249999828825076,0.249999828825076,0.249585983181413,0.99999999691441
1.55017511733577e-08,0.499574197926889,0.250425982993174,0.249999819079937,0.249999819079937,0.249574378846952,0.999999996827946
1.59369353038178e-08,0.49956225857134,0.250437932648008,0.249999808780652,0.249999808780652,0.249562449790688,0.999999996739064
1.63843364557798e-08,0.499549984852008,0.250450217252242,0.24999979789575,0.24999979789575,0.249550186956258,0.999999996647695
1.68442976004231e-08,0.499537367428419,0.250462846179607,0.249999786391973,0.249999786391973,0.249537581036446,0.999999996553772
1.73171713372335e-08,0.499524396700508,0.250475829065312,0.249999774234179,0.249999774234179,0.249524622466329,0.999999996457223
1.78033201643011e-08,0.499511062801477,0.25048917581329,0.249999761385233,0.249999761385233,0.249511301416244,0.999999996357974
1.83031167562061e-08,0.499497355590467,0.250502896603638,0.249999747805895,0.249999747805895,0.249497607784573,0.999999996255951
1.88169442497056e-08,0.499483264645032,0.250517001900268,0.2499997334547,0.2499997334547,0.249483531190332,0.999999996151077
1.93451965374404e-08,0.499468779253406,0.250531502458759,0.249999718287835,0.249999718287835,0.249469060965571,0.999999996043271
1.98882785698881e-08,0.499453888406569,0.250546409334428,0.249999702259003,0.249999702259003,0.249454186147566,0.999999995932453
2.04466066657912e-08,0.499438580790098,0.250561733890615,0.249999685319286,0.249999685319286,0.249438895470812,0.99999999581854
2.10206088313016e-08,0.499422844775802,0.250577487807205,0.249999667416993,0.249999667416993,0.249423177358809,0.999999995701443
2.16107250880838e-08,0.499406668413129,0.250593683089366,0.249999648497506,0.249999648497505,0.249407019915623,0.999999995581076
2.22174078106288e-08,0.499390039420352,0.250610332076535,0.249999628503114,0.249999628503114,0.249390410917238,0.999999995457347
2.28411220730383e-08,0.499372945175513,0.250627447451648,0.249999607372839,0.249999607372839,0.249373337802674,0.999999995330163
2.34823460055428e-08,0.499355372707134,0.250645042250615,0.249999585042251,0.249999585042251,0.249355787664883,0.999999995199429
2.41415711610302e-08,0.499337308684675,0.250663129872052,0.249999561443273,0.249999561443273,0.249337747241402,0.999999995065044
2.48193028918626e-08,0.499318739408742,0.250681724087283,0.249999536503975,0.249999536503975,0.249319202904767,0.999999994926908
2.55160607372719e-08,0.49929965080104,0.250700839050603,0.249999510148357,0.249999510148357,0.249300140652682,0.999999994784918
2.62323788216312e-08,0.499280028394055,0.250720489309824,0.249999482296121,0.249999482296121,0.249280546097933,0.999999994638966
2.69688062639069e-08,0.499259857320471,0.250740689817102,0.249999452862427,0.249999452862427,0.249260404458044,0.999999994488942
2.77259075986048e-08,0.499239122302303,0.250761455940062,0.249999421757635,0.249999421757635,0.249239700544668,0.999999994334734
2.85042632085343e-08,0.49921780763975,0.25078280347321,0.24999938888704,0.24999938888704,0.24921841875271,0.999999994176225
2.93044697697214e-08,0.499195897199753,0.250804748649665,0.249999354150582,0.249999354150582,0.249196543049171,0.999999994013297
3.01271407088116e-08,0.499173374404258,0.250827308153196,0.249999317442546,0.249999317442546,0.249174056961712,0.999999993845827
3.09729066733141e-08,0.49915022221817,0.250850499130586,0.249999278651244,0.249999278651244,0.249150943566926,0.999999993673689
3.18424160150466e-08,0.499126423136997,0.250874339204324,0.249999237658679,0.249999237658679,0.249127185478318,0.999999993496754
3.27363352871525e-08,0.499101959174173,0.250898846485638,0.249999194340189,0.24999919434019,0.249102764833983,0.99999999331489
3.36553497550709e-08,0.499076811848049,0.250924039587876,0.249999148564075,0.249999148564075,0.249077663283974,0.999999993127961
3.46001639218511e-08,0.499050962168558,0.250949937640242,0.2499991001912,0.2499991001912,0.249051861977358,0.999999992935825
3.55715020682138e-08,0.49902439062353,0.250976560301893,0.249999049074577,0.249999049074577,0.249025341548953,0.999999992738341
3.65701088077749e-08,0.498997077164655,0.251003927776421,0.249998995058924,0.249998995058924,0.248998082105731,0.999999992535359
3.75967496578547e-08,0.498969001193092,0.251032060826708,0.2499989379802,0.2499989379802,0.248970063212892,0.999999992326729
3.86522116263126e-08,0.49894014154471,0.251060980790176,0.249998877665114,0.249998877665114,0.248941263879596,0.999999992112294
3.97373038148561e-08,0.498910476474951,0.251090709594444,0.249998813930604,0.249998813930604,0.248911662544347,0.999999991891896
4.08528580392857e-08,0.498879983643312,0.251121269773397,0.249998746583291,0.249998746583291,0.248881237060021,0.999999991665368
4.19997294671531e-08,0.498848640097432,0.25115268448367,0.249998675418897,0.249998675418897,0.248849964678535,0.999999991432543
4.31787972733202e-08,0.498816422256786,0.251184977521572,0.249998600221641,0.249998600221641,0.248817822035145,0.999999991193247
4.43909653139217e-08,0.498783305895959,0.251218173340453,0.249998520763588,0.249998520763588,0.248784785132371,0.999999990947302
4.56371628192476e-08,0.498749266127509,0.251252297068518,0.249998436803973,0.249998436803973,0.248750829323536,0.999999990694526
4.6918345106078e-08,0.498714277384404,0.251287374527116,0.249998348088479,0.249998348088479,0.248715929295925,0.999999990434731
4.82354943100147e-08,0.49867831340202,0.251323432249496,0.249998254348484,0.249998254348484,0.248680059053536,0.999999990167725
4.95896201383721e-08,0.498641347199691,0.25136049750005,0.249998155300258,0.249998155300258,0.248643191899433,0.999999989893308
5.09817606442043e-08,0.498603351061818,0.251398598294062,0.24999805064412,0.24999805064412,0.248605300417697,0.999999989611279
5.24129830220606e-08,0.498564296518496,0.251437763417957,0.249997940063547,0.249997940063547,0.248566356454948,0.999999989321429
5.38843844260822e-08,0.498524154325687,0.251478022450079,0.249997823224234,0.249997823224234,0.248526331101453,0.999999989023542
5.5397092811064e-08,0.498482894444899,0.251519405781998,0.249997699773103,0.249997699773103,0.248485194671796,0.999999988717401
5.69522677971282e-08,0.498440486022381,0.251561944640364,0.249997569337255,0.249997569337255,0.248442916685125,0.999999988402779
5.85511015586724e-08,0.498396897367811,0.25160567110932,0.249997431522869,0.249997431522869,0.248399465844942,0.999999988079443
6.01948197382727e-08,0.498352095932484,0.251650618153483,0.249997285914033,0.249997285914033,0.248354810018452,0.999999987747158
6.18846823862438e-08,0.49830604828697,0.251696819641513,0.249997132071517,0.249997132071517,0.248308916215454,0.999999987405677
6.3621984926575e-08,0.498258720098253,0.251744310370271,0.249996969531477,0.249996969531477,0.248261750566776,0.999999987054751
6.54080591499826e-08,0.498210076106323,0.25179312608959,0.249996797804087,0.249996797804087,0.248213278302235,0.999999986694123
6.72442742348425e-08,0.498160080100232,0.251843303527672,0.249996616372096,0.249996616372097,0.248163463728135,0.999999986323528
6.91320377967813e-08,0.498108694893583,0.25189488041711,0.249996424689307,0.249996424689307,0.248112270204275,0.999999985942696
7.10727969677341e-08,0.498055882299459,0.25194789552157,0.249996222178971,0.249996222178971,0.248059660120489,0.999999985551348
7.30680395052951e-08,0.498001603104778,0.252002388663128,0.249996008232094,0.249996008232094,0.248005594872684,0.999999985149199
7.51192949332097e-08,0.497945817044058,0.252058400750287,0.249995782205655,0.249995782205655,0.247950034838402,0.999999984735956
7.72281357138864e-08,0.497888482772596,0.252115973806682,0.249995543420722,0.249995543420722,0.247892939351874,0.99999998431132
7.93961784538228e-08,0.497829557839045,0.252175151000488,0.249995291160467,0.249995291160466,0.247834266678579,0.999999983874981
8.16250851428724e-08,0.497768998657377,0.252235976674551,0.249995024668072,0.249995024668072,0.247773973989305,0.999999983426623
8.39165644283016e-08,0.49770676047823,0.252298496377242,0.249994743144528,0.249994743144528,0.247712017333702,0.999999982965923
8.62723729246145e-08,0.49764279735963,0.252362756894067,0.249994445746303,0.249994445746303,0.247648351613327,0.999999982492547
8.8694316560147e-08,0.497577062137077,0.252428806280026,0.249994131582897,0.249994131582897,0.247582930554181,0.999999982006154
9.11842519614656e-08,0.497509506392993,0.252496693892757,0.24999379971425,0.24999379971425,0.247515706678743,0.999999981506393
9.374408787663e-08,0.497440080425513,0.252566470426459,0.249993449148028,0.249993449148028,0.247446631277486,0.999999980992906
9.63757866384109e-08,0.497368733216632,0.252638187946625,0.249993078836743,0.249993078836743,0.247375654379889,0.999999980465324
9.90813656685867e-08,0.49729541239968,0.252711899925585,0.249992687674736,0.249992687674736,0.247302724724944,0.999999979923269
1.01862899024469e-07,0.497220064226133,0.252787661278881,0.249992274494985,0.249992274494985,0.247227789731148,0.999999979366354
1.04722518988844e-07,0.497142633531757,0.25286552840249,0.249991838065752,0.249991838065752,0.247150795466005,0.999999978794182
1.07662417704549e-07,0.49706306370206,0.252945559210899,0.249991377087041,0.249991377087041,0.24707168661502,0.999999978206345
1.10684848854941e-07,0.496981296637076,0.253027813176053,0.249990890186871,0.249990890186871,0.246990406450205,0.999999977602427
1.13792129391531e-07,0.496897272715455,0.253112351367188,0.249990375917357,0.249990375917357,0.246906896798097,0.999999976981999
1.16986641310131e-07,0.496810930757864,0.253199236491565,0.24998983275057,0.24998983275057,0.246821098007294,0.999999976344622
1.20270833476851e-07,0.496722207989706,0.253288532936106,0.249989259074187,0.249989259074187,0.246732948915519,0.999999975689847
1.23647223505371e-07,0.496631040003136,0.253380306809959,0.249988653186905,0.249988653186905,0.246642386816231,0.999999975017212
1.27118399686903e-07,0.496537360718389,0.253474625987994,0.249988013293617,0.249988013293617,0.246549347424773,0.999999974326247
1.30687022974335e-07,0.496441102344422,0.25357156015525,0.249987337500328,0.249987337500328,0.246453764844094,0.999999973616467
1.34355829022083e-07,0.496342195338857,0.253671180852333,0.249986623808811,0.249986623808811,0.246355571530046,0.999999972887375
1.38127630283201e-07,0.496240568367242,0.253773561521782,0.249985870110975,0.249985870110976,0.246254698256267,0.999999972138465
1.42005318165368e-07,0.496136148261632,0.253878777555423,0.249985074182945,0.249985074182945,0.246151074078687,0.999999971369215
1.45991865247398e-07,0.496028859978485,0.253986906342692,0.249984233678823,0.249984233678823,0.246044626299661,0.999999970579093
1.50090327557974e-07,0.495918626555893,0.254098027319969,0.249983346124138,0.249983346124139,0.245935280431754,0.999999969767553
1.54303846918356e-07,0.495805369070151,0.254212222020906,0.249982408908943,0.249982408908943,0.245822960161207,0.999999968934037
1.58635653350859e-07,0.49568900659167,0.254329574127769,0.249981419280561,0.249981419280561,0.245707587311109,0.999999968077972
1.63089067554933e-07,0.495569456140255,0.25445016952379,0.249980374335955,0.249980374335955,0.245589081804299,0.999999967198771
1.6766750345277e-07,0.495446632639746,0.254574096346547,0.249979271013707,0.249979271013707,0.245467361626038,0.999999966295836
1.72374470806362e-07,0.49532044887206,0.254701445042359,0.249978106085581,0.249978106085581,0.245342342786478,0.999999965368552
1.77213577908036e-07,0.49519081543063,0.254832308421712,0.249976876147659,0.249976876147659,0.245213939282971,0.99999996441629
1.82188534346517e-07,0.495057640673272,0.254966781715708,0.24997557761102,0.24997557761102,0.245082063062251,0.999999963438409
1.87303153850643e-07,0.4949208306745,0.255104962633544,0.249974206691956,0.249974206691956,0.244946623982544,0.99999996243425
1.9256135721292e-07,0.494780289177313,0.255246951421012,0.249972759401675,0.249972759401675,0.244807529775638,0.999999961403141
1.97967175295133e-07,0.494635917544481,0.255392850920015,0.249971231535505,0.249971231535505,0.244664686008976,0.999999960344392
2.03524752118358e-07,0.494487614709361,0.2555427666291,0.249969618661539,0.249969618661539,0.244517996047822,0.999999959257299
2.09238348039698e-07,0.494335277126275,0.255696806765002,0.249967916108722,0.249967916108722,0.244367361017553,0.999999958141145
2.15112343018217e-07,0.494178798720487,0.25585508232517,0.249966118954343,0.249966118954343,0.244212679766145,0.99999995699519
2.21151239972549e-07,0.494018070837817,0.256017707151285,0.249964222010898,0.249964222010899,0.244053848826918,0.999999955818685
2.27359668232772e-07,0.493852982193933,0.256184797993747,0.24996221981232,0.24996221981232,0.243890762381613,0.999999954610858
2.33742387089181e-07,0.493683418823378,0.256356474577107,0.249960106599515,0.249960106599515,0.243723312223863,0.999999953370927
2.40304289440697e-07,0.493509264028368,0.256532859666428,0.249957876305204,0.249957876305204,0.243551387723164,0.999999952098086
2.47050405545683e-07,0.49333039832742,0.256714079134561,0.249955522538019,0.249955522538019,0.243374875789401,0.999999950791516
2.53985906878073e-07,0.493146699403881,0.256900262030286,0.249953038565833,0.249953038565833,0.243193660838049,0.999999949450379
2.61116110091746e-07,0.492958042054399,0.257091540647317,0.249950417298284,0.249950417298284,0.243007624756116,0.99999994807382
2.68446481096197e-07,0.492764298137426,0.257288050594108,0.249947651268467,0.249947651268467,0.242816646868959,0.999999946660966
2.75982639246618e-07,0.492565336521807,0.257489930864446,0.249944732613747,0.249944732613747,0.24262060390806,0.999999945210926
2.83730361651621e-07,0.492361023035553,0.257697323908775,0.249941653055672,0.249941653055672,0.242419369979881,0.99999994372279
2.91695587601879e-07,0.492151220414861,0.257910375706205,0.249938403878934,0.249938403878934,0.242212816535927,0.999999942195629
2.99884423123102e-07,0.491935788253485,0.258129235837163,0.249934975909352,0.249934975909352,0.242000812344133,0.999999940628499
3.08303145656828e-07,0.491714582952547,0.258354057556619,0.249931359490834,0.249931359490834,0.241783223461713,0.999999939020433
3.16958208872612e-07,0.491487457670892,0.258584997867839,0.249927544461269,0.249927544461269,0.241559913209623,0.999999937370447
3.25856247615323e-07,0.491254262276091,0.258822217596578,0.249923520127331,0.249923520127331,0.241330742148761,0.999999935677537
3.35004082991314e-07,0.491014843296214,0.259065881465664,0.249919275238123,0.249919275238123,0.241095568058091,0.999999933940682
3.44408727597382e-07,0.49076904387248,0.25931615816987,0.24991479795765,0.24991479795765,0.240854245914831,0.999999932158841
3.54077390896527e-07,0.490516703712939,0.259573220451011,0.24991007583605,0.24991007583605,0.240606627876889,0.999999930330952
3.64017484744614e-07,0.490257659047286,0.259837245173151,0.249905095779563,0.249905095779563,0.240352563267724,0.999999928455935
3.74236629072198e-07,0.489991742582989,0.260108413397837,0.249899844019174,0.249899844019174,0.240091898563815,0.999999926532692
3.84742657725851e-07,0.489718783462855,0.260386910459244,0.249894306077901,0.249894306077901,0.239824477384954,0.999999924560103
3.9554362447347e-07,0.489438607224206,0.260672926039121,0.249888466736673,0.249888466736673,0.239550140487533,0.999999922537031
4.06647809178186e-07,0.489151035759839,0.260966654241404,0.249882309998757,0.249882309998757,0.239268725761082,0.999999920462318
4.18063724145576e-07,0.488855887280938,0.261268293666375,0.249875819052687,0.249875819052687,0.238980068228251,0.999999918334788
4.2980012064908e-07,0.488552976282127,0.261578047484217,0.249868976233656,0.249868976233656,0.238684000048471,0.999999916153245
4.41865995638594e-07,0.48824211350887,0.261896123507818,0.249861762983312,0.249861762983312,0.238380350525558,0.999999913916475
4.54270598637404e-07,0.48792310592741,0.262222734264656,0.249854159807934,0.249854159807934,0.238068946119476,0.999999911623243
4.67023438832733e-07,0.487595756697476,0.262558097067599,0.249846146234924,0.249846146234924,0.237749610462552,0.999999909272299
4.80134292365345e-07,0.487259865147974,0.262902434084439,0.249837700767586,0.249837700767586,0.237422164380388,0.999999906862371
4.93613209823792e-07,0.4869152267559,0.263255972405955,0.249828800838146,0.249828800838146,0.237086425917754,0.999999904392171
5.07470523949047e-07,0.486561633128726,0.263618944112305,0.249819422758969,0.249819422758969,0.236742210369756,0.999999901860391
5.21716857555435e-07,0.486198871990513,0.263991586337539,0.249809541671948,0.249809541671948,0.236389330318564,0.999999899265708
5.36363131673925e-07,0.485826727172012,0.26437414133198,0.249799131496008,0.249799131496008,0.236027595676004,0.99999989660678
5.5142057392403e-07,0.485444978605041,0.264766856522248,0.249788164872711,0.249788164872711,0.23565681373233,0.999999893882248
5.66900727120743e-07,0.485053402321417,0.265169984568664,0.249776613109919,0.249776613109919,0.235276789211498,0.999999891090738
5.82815458123084e-07,0.484651770456745,0.265583783419759,0.249764446123496,0.249764446123496,0.234887324333249,0.99999988823086
5.99176966931061e-07,0.484239851259376,0.266008516363607,0.249751632377017,0.249751632377017,0.23448821888236,0.999999885301208
6.15997796038017e-07,0.483817409104847,0.266444452075689,0.249738138819464,0.249738138819464,0.234079270285382,0.999999882300361
6.33290840045511e-07,0.483384204516131,0.266891864662956,0.249723930820913,0.249723930820913,0.233660273695219,0.999999879226885
6.51069355548147e-07,0.482939994190053,0.267351033703781,0.249708972106166,0.249708972106166,0.233231022083886,0.999999876079332
6.69346971295867e-07,0.482484531030185,0.267822244283449,0.249693224686366,0.249693224686366,0.232791306343819,0.999999872856242
6.88137698641567e-07,0.482017564186622,0.268305787024815,0.249676648788562,0.249676648788562,0.23234091539806,0.999999869556142
7.07455942281988e-07,0.481538839102965,0.268801958113777,0.249659202783258,0.249659202783258,0.231879636319707,0.999999866177549
7.27316511300145e-07,0.481048097570906,0.269311059319149,0.249640843109945,0.249640843109945,0.231407254460961,0.999999862718972
7.47734630517758e-07,0.480545077792791,0.269833398006548,0.249621524200661,0.249621524200661,0.23092355359213,0.999999859178907
7.68725952166374e-07,0.480029514452548,0.27036928714586,0.249601198401592,0.249601198401592,0.230428316050956,0.999999855555845
7.90306567886135e-07,0.479501138795369,0.270919045311854,0.249579815892777,0.249579815892777,0.229921322902591,0.999999851848269
8.12493021061405e-07,0.478959678716543,0.271482996677492,0.249557324605965,0.249557324605965,0.229402354110579,0.999999848054659
8.35302319502679e-07,0.478404858859853,0.272061470999463,0.249533670140684,0.249533670140684,0.228871188719169,0.999999844173487
8.58751948484518e-07,0.477836400725911,0.27265480359547,0.249508795678619,0.249508795678619,0.228327605047293,0.999999840203223
8.82859884149515e-07,0.477254022790866,0.273263335312764,0.24948264189637,0.24948264189637,0.227771380894496,0.999999836142338
9.07644607288536e-07,0.476657440635858,0.273887412487426,0.249455146876715,0.249455146876715,0.227202293759143,0.999999831989301
9.33125117507824e-07,0.476046367087638,0.274527386893873,0.249426246018488,0.249426246018488,0.22662012106915,0.999999827742581
9.59320947793823e-07,0.475420512370731,0.275183615684058,0.249395871945211,0.249395871945211,0.22602464042552,0.999999823400654
9.86252179486878e-07,0.474779584271535,0.275856461315826,0.249363954412639,0.249363954412639,0.225415629858896,0.999999818961996
1.01393945767529e-06,0.474123288314743,0.276546291469871,0.249330420215386,0.249330420215386,0.224792868099358,0.999999814425093
1.04240400702156e-06,0.473451327952433,0.27725347895475,0.249295193092817,0.249295193092817,0.224156134859617,0.999999809788438
1.07166764803286e-06,0.472763404766199,0.277978401599373,0.249258193634428,0.249258193634428,0.22350521113177,0.999999805050535
1.10175281378839e-06,0.47205921868264,0.278721442132427,0.249219339184932,0.249219339184932,0.222839879497708,0.999999800209899
1.13268256713615e-06,0.471338468202547,0.27948298804815,0.249178543749303,0.249178543749303,0.222159924453245,0.999999795265059
1.16448061837269e-06,0.470600850644048,0.280263431457899,0.249135717898053,0.249135717898053,0.221465132745995,0.999999790214562
1.19717134341897e-06,0.469846062400005,0.281063168926953,0.249090768673042,0.249090768673042,0.220755293726964,0.999999785056973
1.23077980250667e-06,0.469073799209896,0.281882601295986,0.249043599494118,0.249043599494118,0.220030199715778,0.999999779790875
1.26533175938894e-06,0.468283756446365,0.282722133486682,0.248994110066953,0.248994110066953,0.219289646379413,0.999999774414878
1.30085370109057e-06,0.467475629416646,0.283582174290937,0.248942196292417,0.248942196292417,0.218533433124228,0.999999768927615
1.3373728582125e-06,0.466649113678944,0.284463136143163,0.248887750177893,0.248887750177893,0.217761363501051,0.999999763327745
1.37491722580642e-06,0.465803905373903,0.285365434875166,0.248830659750931,0.248830659750931,0.216973245622973,0.999999757613961
1.4135155848354e-06,0.464939701571152,0.286289489453153,0.248770808975694,0.248770808975694,0.216168892595458,0.999999751784986
1.4531975242369e-06,0.464056200630947,0.287235721696414,0.24870807767264,0.24870807767264,0.215348122958307,0.999999745839578
1.49399346360526e-06,0.463153102580809,0.288204555977265,0.248642341441926,0.248642341441926,0.214510761138883,0.999999739776533
1.5359346765109e-06,0.46223010950705,0.289196418901899,0.248573471591051,0.248573471591051,0.213656637915999,0.999999733594689
1.57905331447418e-06,0.46128692596096,0.29021173897179,0.24850133506725,0.24850133506725,0.21278559089371,0.999999727292923
1.62338243161228e-06,0.460323259379413,0.291250946225391,0.248425794395195,0.248425794395195,0.211897464984218,0.999999720870159
1.66895600997803e-06,0.45933882051954,0.292314471859884,0.248346707620576,0.248346707620576,0.210992112898965,0.999999714325371
1.71580898561001e-06,0.458333323907053,0.293402747832813,0.248263928260134,0.248263928260134,0.210069395646919,0.999999707657581
1.76397727531405e-06,0.457306488297734,0.294516206443499,0.248177305258767,0.248177305258767,0.209129183038966,0.999999700865865
1.8134978041965e-06,0.456258037151506,0.295655279894187,0.248086682954307,0.248086682954307,0.2081713541972,0.999999693949356
1.86440853397049e-06,0.455187699118424,0.296820399830973,0.247991901050603,0.247991901050603,0.207195798067821,0.999999686907242
1.91674849205681e-06,0.45409520853583,0.298011996864611,0.247892794599559,0.247892794599559,0.206202413936271,0.999999679738776
1.9705578015018e-06,0.452980305935844,0.299230500071415,0.247789193992741,0.247789193992741,0.205191111943104,0.99999967244327
2.02587771173502e-06,0.451842738562239,0.300476336474536,0.247680924963225,0.247680924963225,0.204161813599014,0.999999665020106
2.08275063019052e-06,0.450682260895684,0.301749930506,0.247567808598316,0.247567808598316,0.203114452297367,0.999999657468731
2.14122015481573e-06,0.449498635186232,0.303051703449991,0.247449661363777,0.247449661363777,0.202048973822455,0.999999649788664
2.20133110749303e-06,0.448291631991836,0.304382072867973,0.247326295140191,0.247326295140191,0.200965336851646,0.999999641979495
2.26312956839953e-06,0.44706103072158,0.305741452006331,0.247197517272088,0.247197517272088,0.199863513449492,0.999999634040891
2.32666291133146e-06,0.445806620182231,0.30713024918736,0.247063130630409,0.247063130630409,0.198743489551821,0.999999625972592
2.39197984002024e-06,0.444528199126614,0.308548867184495,0.246922933688891,0.246922933688891,0.197605265437724,0.99999961777442
2.45913042546804e-06,0.443225576802248,0.309997702582843,0.246776720614909,0.246776720614909,0.196448856187338,0.999999609446276
2.5281661443315e-06,0.441898573498555,0.311477145126155,0.24662428137529,0.24662428137529,0.195274292123265,0.999999600988141
2.59913991838293e-06,0.440547021090938,0.312987577051516,0.246465401857546,0.246465401857546,0.194081619233392,0.999999592400083
2.67210615507944e-06,0.439170763579895,0.314529372413139,0.246299864006967,0.246299864006967,0.192870899572928,0.99999958368225
2.74712078927081e-06,0.4377696576233,0.316102896396774,0.246127445979927,0.246127445979927,0.191642211643373,0.99999957483488
2.82424132607844e-06,0.436343573059929,0.317708504626353,0.245947922313718,0.245947922313718,0.190395650746211,0.999999565858293
2.90352688497781e-06,0.434892393422234,0.319346542464601,0.245761064113166,0.245761064113166,0.189131329309068,0.9999995567529
2.98503824511873e-06,0.433416016436355,0.32101734430946,0.245566639254185,0.245566639254185,0.18784937718217,0.999999547519197
3.06883789191764e-06,0.431914354507321,0.322721232888268,0.245364412604411,0.245364412604411,0.18654994190291,0.999999538157771
3.15499006495809e-06,0.430387335187363,0.324458518551731,0.245154146260906,0.245154146260906,0.185233188926457,0.999999528669293
3.24356080723581e-06,0.428834901625276,0.326229498569829,0.244935599804895,0.244935599804895,0.183899301820381,0.999999519054526
3.33461801578637e-06,0.427257012994754,0.328034456431855,0.244708530573391,0.244708530573391,0.182548482421363,0.999999509314318
3.42823149373397e-06,0.425653644899658,0.329873661152872,0.24447269394747,0.24447269394747,0.181180950952188,0.999999499449606
3.52447300380159e-06,0.424024789754194,0.331747366588943,0.244227843656863,0.244227843656863,0.179796946097332,0.999999489461411
3.62341632332315e-06,0.422370457136047,0.333655810763504,0.243973732100448,0.243973732100448,0.178396725035599,0.999999479350841
3.72513730080021e-06,0.420690674110548,0.335599215207329,0.243710110682123,0.243710110682123,0.176980563428425,0.999999469119088
3.82971391404628e-06,0.418985485524063,0.337577784314522,0.243436730161415,0.243436730161415,0.175548755362648,0.999999458767425
3.93722632996347e-06,0.417254954264853,0.339591704717008,0.243153341018139,0.243153341018139,0.174101613246713,0.999999448297207
4.04775696599732e-06,0.415499161489776,0.341641144679965,0.242859693830258,0.242859693830258,0.172639467659518,0.999999437709866
4.16139055331671e-06,0.413718206815316,0.343726253520638,0.242555539664045,0.242555539664045,0.171162667151271,0.999999427006913
4.27821420176762e-06,0.411912208471547,0.345847161052922,0.242240630475531,0.242240630475531,0.169671577996016,0.999999416189931
4.39831746665023e-06,0.410081303417801,0.348003977060057,0.241914719522141,0.241914719522141,0.16816658389566,0.999999405260575
4.5217924173707e-06,0.408225647418952,0.350196790797715,0.241577561783334,0.241577561783334,0.166648085635618,0.999999394220567
4.64873370802026e-06,0.406345415081395,0.352425670529638,0.241228914388967,0.241228914388967,0.165116500692428,0.999999383071696
4.7792386499356e-06,0.404440799847986,0.354690663097952,0.240868537054063,0.240868537054063,0.163572262793923,0.999999371815815
4.91340728629636e-06,0.402512013951375,0.356991793530077,0.240496192518548,0.240496192518548,0.162015821432827,0.999999360454831
5.05134246881677e-06,0.40055928832538,0.359329064684113,0.240111646990506,0.240111646990506,0.160447641334874,0.99999934899071
5.19314993659021e-06,0.398582872474225,0.361702456934353,0.239714670591422,0.239714670591422,0.158868201882803,0.999999337425466
5.33893839714736e-06,0.396583034299673,0.364111927898483,0.239305037801844,0.239305037801844,0.15727799649783,0.999999325761166
5.48881960978968e-06,0.394560059886306,0.366557412207811,0.238882527905883,0.238882527905883,0.155677531980422,0.999999313999914
