1e-09,0.499984373566226,0.250015626709211,0.249999999724563,0.249999999724563,0.249984373841663,0.999999999062508
1.02807322383086e-09,0.499983934839565,0.250016065450653,0.249999999709782,0.249999999709782,0.249983935129784,0.99999999903619
1.05693455355799e-09,0.499983483794025,0.250016516511791,0.249999999694184,0.249999999694184,0.249983484099841,0.999999999009133
1.0866061138546e-09,0.499983020083637,0.250016980238639,0.249999999677724,0.249999999677724,0.249983020405913,0.999999998981316
1.11711065050482e-09,0.499982543352714,0.250017456986932,0.249999999660354,0.249999999660354,0.249982543692361,0.999999998952719
1.14847154784029e-09,0.499982053235574,0.250017947122404,0.249999999642022,0.249999999642022,0.249982053593552,0.999999998923318
1.18071284666619e-09,0.499981549356261,0.250018451021065,0.249999999622674,0.249999999622674,0.249981549733587,0.999999998893092
1.21385926269063e-09,0.499981031328254,0.250018969069492,0.249999999602254,0.249999999602254,0.249981031726,0.999999998862019
1.24793620547131e-09,0.499980498754175,0.250019501665125,0.249999999580701,0.249999999580701,0.249980499173474,0.999999998830072
1.28296979789415e-09,0.499979951225476,0.250020049216573,0.249999999557951,0.249999999557951,0.249979951667525,0.999999998797229
1.31898689619867e-09,0.499979388322131,0.250020612143932,0.249999999533937,0.249999999533937,0.249979388788193,0.999999998763463
1.35601511056563e-09,0.49997880961231,0.250021190879101,0.249999999508589,0.249999999508589,0.249978810103721,0.99999999872875
1.39408282628258e-09,0.49997821465205,0.25002178586612,0.24999999948183,0.24999999948183,0.249978215170219,0.999999998693062
1.43321922550358e-09,0.499977602984908,0.25002239756151,0.249999999453582,0.249999999453582,0.249977603531326,0.999999998656373
1.47345430961984e-09,0.499976974141618,0.250023026434621,0.249999999423761,0.249999999423761,0.249976974717858,0.999999998618653
1.51481892225835e-09,0.499976327639723,0.250023672968,0.249999999392277,0.249999999392277,0.249976328247446,0.999999998579875
1.55734477292614e-09,0.499975662983206,0.250024337657755,0.249999999359038,0.249999999359038,0.249975663624168,0.999999998540008
1.60106446131832e-09,0.499974979662112,0.250025021013943,0.249999999323945,0.249999999323945,0.249974980338167,0.999999998499022
1.64601150230855e-09,0.499974277152151,0.250025723560957,0.249999999286892,0.249999999286892,0.249974277865259,0.999999998456885
1.69222035164104e-09,0.499973554914297,0.250026445837933,0.24999999924777,0.24999999924777,0.249973555666526,0.999999998413566
1.7397264323438e-09,0.499972812394372,0.250027188399166,0.249999999206462,0.249999999206462,0.24997281318791,0.99999999836903
1.78856616188346e-09,0.499972049022622,0.250027951814533,0.249999999162844,0.249999999162844,0.249972049859778,0.999999998323244
1.83877698008233e-09,0.499971264213277,0.250028736669936,0.249999999116787,0.249999999116787,0.24997126509649,0.999999998276173
1.89039737781922e-09,0.499970457364098,0.250029543567751,0.249999999068151,0.249999999068151,0.249970458295947,0.999999998227781
1.94346692653602e-09,0.499969627855918,0.25003037312729,0.249999999016793,0.249999999016793,0.249969628839125,0.999999998178029
1.99802630857255e-09,0.499968775052161,0.250031225985282,0.249999998962557,0.249999998962557,0.249968776089604,0.999999998126882
2.05411734835306e-09,0.499967898298356,0.250032102796363,0.249999998905282,0.249999998905282,0.249967899393074,0.999999998074298
2.11178304444824e-09,0.499966996921628,0.250033004233576,0.249999998844795,0.249999998844795,0.249966998076833,0.999999998020238
2.17106760253726e-09,0.499966070230187,0.250033930988897,0.249999998780916,0.249999998780916,0.24996607144927,0.999999997964661
2.23201646929523e-09,0.499965117512786,0.250034883773761,0.249999998713452,0.249999998713452,0.249965118799334,0.999999997907524
2.29467636723194e-09,0.499964138038182,0.250035863319616,0.249999998642201,0.249999998642201,0.249964139395981,0.999999997848782
2.35909533050864e-09,0.499963131054568,0.250036870378484,0.249999998566949,0.249999998566949,0.249963132487619,0.999999997788391
2.42532274176036e-09,0.499962095788992,0.25003790572354,0.249999998487469,0.249999998487469,0.249962097301523,0.999999997726306
2.49340936995188e-09,0.499961031446766,0.250038970149713,0.249999998403521,0.249999998403521,0.249961033043245,0.999999997662477
2.56340740929651e-09,0.499959937210852,0.250040064474294,0.249999998314854,0.249999998314854,0.249959938895998,0.999999997596857
2.63537051926739e-09,0.49995881224123,0.250041189537569,0.2499999982212,0.2499999982212,0.24995881402003,0.999999997529395
2.70935386573205e-09,0.499957655674253,0.25004234620347,0.249999998122277,0.249999998122277,0.249957657551976,0.999999997460038
2.78541416324176e-09,0.499956466621979,0.250043535360234,0.249999998017786,0.249999998017786,0.249956468604193,0.999999997388735
2.86360971850811e-09,0.499955244171489,0.250044757921099,0.249999997907413,0.249999997907413,0.249955246264076,0.99999999731543
2.94400047510004e-09,0.499953987384178,0.250046014824999,0.249999997790823,0.249999997790823,0.249953989593355,0.999999997240067
3.0266480593957e-09,0.499952695295037,0.250047307037297,0.249999997667665,0.249999997667665,0.249952697627372,0.999999997162589
3.11161582782436e-09,0.499951366911905,0.250048635550528,0.249999997537567,0.249999997537567,0.249951369374339,0.999999997082936
3.19896891543454e-09,0.499950001214702,0.250050001385163,0.249999997400135,0.249999997400134,0.249950003814568,0.999999997001047
3.28877428582551e-09,0.499948597154645,0.250051405590402,0.249999997254953,0.249999997254953,0.249948599899692,0.999999996916859
3.38110078248068e-09,0.499947153653435,0.250052849244983,0.249999997101583,0.249999997101583,0.249947156551852,0.999999996830307
3.47601918154197e-09,0.499945669602427,0.250054333458014,0.24999999693956,0.24999999693956,0.249945672662867,0.999999996741327
3.57360224606578e-09,0.499944143861773,0.250055859369835,0.249999996768393,0.249999996768393,0.24994414709338,0.999999996649848
3.67392478180208e-09,0.49994257525954,0.250057428152896,0.249999996587564,0.249999996587564,0.249942578671977,0.999999996555801
3.77706369453937e-09,0.499940962590808,0.250059041012668,0.249999996396524,0.249999996396524,0.249940966194283,0.999999996459114
3.88309804905961e-09,0.499939304616733,0.250060699188572,0.249999996194695,0.249999996194695,0.249939308422037,0.999999996359713
3.99210912974805e-09,0.499937600063595,0.250062403954941,0.249999995981464,0.249999995981464,0.24993760408213,0.999999996257522
4.10418050290471e-09,0.49993584762181,0.250064156622005,0.249999995756185,0.249999995756185,0.249935851865625,0.999999996152462
4.21939808080502e-09,0.49993404594492,0.250065958536907,0.249999995518173,0.249999995518173,0.249934050426747,0.999999996044453
4.33785018755898e-09,0.499932193648547,0.250067811084748,0.249999995266705,0.249999995266705,0.249932198381842,0.999999995933412
4.45962762681909e-09,0.499930289309326,0.250069715689656,0.249999995001018,0.249999995001018,0.249930294308307,0.999999995819254
4.58482375138911e-09,0.4999283314638,0.250071673815894,0.249999994720305,0.249999994720305,0.249928336743495,0.999999995701892
4.71353453478692e-09,0.499926318607291,0.250073686968997,0.249999994423712,0.249999994423712,0.249926324183579,0.999999995581235
4.8458586448165e-09,0.499924249192731,0.250075756696932,0.249999994110337,0.249999994110337,0.249924255082393,0.999999995457191
4.98189751920517e-09,0.499922121629464,0.250077884591308,0.249999993779228,0.249999993779228,0.249922127850236,0.999999995329665
5.12175544336424e-09,0.499919934282018,0.250080072288607,0.249999993429376,0.249999993429376,0.249919940852642,0.999999995198559
5.26553963033276e-09,0.499917685468829,0.250082321471454,0.249999993059717,0.249999993059717,0.249917692409112,0.999999995063773
5.41336030296538e-09,0.499915373460948,0.250084633869927,0.249999992669125,0.249999992669125,0.249915380791822,0.999999994925204
5.56533077842764e-09,0.499912996480689,0.250087011262899,0.249999992256412,0.249999992256412,0.249913004224277,0.999999994782744
5.72156755506324e-09,0.499910552700259,0.250089455479422,0.249999991820319,0.249999991820319,0.24991056087994,0.999999994636286
5.88219040169997e-09,0.499908040240333,0.250091968400149,0.249999991359518,0.249999991359518,0.249908048880815,0.999999994485717
6.04732244946265e-09,0.499905457168599,0.250094551958797,0.249999990872604,0.249999990872604,0.249905466295995,0.999999994330921
6.21709028616383e-09,0.499902801498256,0.250097208143651,0.249999990358093,0.249999990358093,0.249902811140163,0.99999999417178
6.39162405334401e-09,0.49990007118647,0.250099938999114,0.249999989814416,0.249999989814416,0.249900081372054,0.999999994008172
6.57105754603627e-09,0.499897264132787,0.2501027466273,0.249999989239913,0.249999989239913,0.249897274892874,0.999999993839971
6.75552831533164e-09,0.4998943781775,0.250105633189667,0.249999988632833,0.249999988632833,0.249894389544667,0.999999993667049
6.94517777382369e-09,0.499891411099968,0.25010860090871,0.249999987991321,0.249999987991321,0.249891423108647,0.999999993489273
7.14015130401339e-09,0.499888360616891,0.250111652069689,0.249999987313421,0.249999987313421,0.24988837330347,0.999999993306507
7.3405983697572e-09,0.499885224380527,0.250114789022413,0.24999998659706,0.24999998659706,0.249885237783467,0.99999999311861
7.5466726308439e-09,0.499881999976872,0.250118014183076,0.249999985840052,0.249999985840052,0.24988201413682,0.99999999292544
7.75853206078784e-09,0.499878684923771,0.250121330036147,0.249999985040082,0.249999985040082,0.249878699883688,0.999999992726847
7.97633906792928e-09,0.499875276668988,0.250124739136304,0.249999984194708,0.249999984194708,0.24987529247428,0.99999999252268
8.20026061993413e-09,0.499871772588215,0.250128244110442,0.249999983301343,0.249999983301343,0.249871789286872,0.999999992312782
8.43046837178897e-09,0.499868169983023,0.250131847659719,0.249999982357258,0.249999982357258,0.249868187625766,0.999999992096992
8.66713879738922e-09,0.499864466078758,0.250135552561678,0.249999981359563,0.249999981359563,0.249864484719195,0.999999991875145
8.9104533248215e-09,0.499860658022372,0.250139361672419,0.249999980305209,0.249999980305209,0.249860677717164,0.999999991647071
9.16059847544369e-09,0.499856742880195,0.250143277928838,0.249999979190967,0.249999979190967,0.249856763689228,0.999999991412595
9.41776600686954e-09,0.49985271763564,0.250147304350931,0.249999978013429,0.249999978013429,0.249852739622211,0.999999991171538
9.6821530599671e-09,0.499848579186846,0.250151444044164,0.249999976768989,0.249999976768989,0.249848602417857,0.999999990923715
9.95396230998424e-09,0.499844324344248,0.250155700201915,0.249999975453838,0.249999975453838,0.24984434889041,0.999999990668936
1.02334021219164e-08,0.499839949828078,0.250160076107975,0.249999974063947,0.249999974063947,0.249839975764132,0.999999990407005
1.05206867102362e-08,0.499835452265801,0.250164575139141,0.249999972595058,0.249999972595058,0.249835479670743,0.999999990137722
1.08160363031071e-08,0.499830828189464,0.250169200767865,0.249999971042671,0.249999971042671,0.249830857146792,0.999999989860881
1.1119677311207e-08,0.499826074032978,0.250173956564993,0.249999969402029,0.249999969402029,0.249826104630948,0.99999998957627
1.14318425012915e-08,0.499821186129318,0.25017884620258,0.249999967668102,0.249999967668102,0.249821218461216,0.99999998928367
1.17527711746295e-08,0.499816160707646,0.250183873456781,0.249999965835573,0.249999965835573,0.249816194872073,0.999999988982858
1.20827093504478e-08,0.49981099389034,0.250189042210837,0.249999963898823,0.249999963898823,0.249811029991516,0.999999988673602
1.24219099545262e-08,0.499805681689947,0.250194356458142,0.249999961851911,0.249999961851911,0.249805719838036,0.999999988355667
1.27706330130864e-08,0.499800220006047,0.250199820305397,0.249999959688556,0.249999959688556,0.249800260317491,0.999999988028808
1.31291458521247e-08,0.499794604622017,0.250205437975863,0.249999957402119,0.249999957402119,0.249794647219898,0.999999987692775
1.34977233023394e-08,0.499788831201712,0.250211213812706,0.249999954985582,0.249999954985582,0.24978887621613,0.99999998734731
1.38766479098131e-08,0.499782895286037,0.250217152282438,0.249999952431525,0.249999952431525,0.249782942854512,0.99999998699215
1.42662101526074e-08,0.499776792289435,0.250223257978461,0.249999949732104,0.249999949732104,0.24977684255733,0.999999986627021
1.46667086634397e-08,0.499770517496254,0.250229535624717,0.249999946879029,0.249999946879029,0.249770570617225,0.999999986251645
1.50784504586105e-08,0.499764066057023,0.250235990079445,0.249999943863532,0.249999943863532,0.249764122193491,0.999999985865733
1.55017511733577e-08,0.499757432984612,0.250242626339041,0.249999940676347,0.249999940676347,0.249757492308265,0.99999998546899
1.59369353038178e-08,0.499750613150277,0.250249449542046,0.249999937307677,0.249999937307677,0.2497506758426,0.999999985061112
1.63843364557798e-08,0.499743601279597,0.250256464973238,0.249999933747165,0.249999933747165,0.249743667532432,0.999999984641787
1.68442976004231e-08,0.499736391948284,0.250263678067856,0.24999992998386,0.24999992998386,0.249736461964424,0.999999984210693
1.73171713372335e-08,0.499728979577874,0.250271094415939,0.249999926006187,0.249999926006187,0.249729053571687,0.9999999837675
1.78033201643011e-08,0.49972135843129,0.250278719766803,0.249999921801907,0.249999921801907,0.249721436629383,0.99999998331187
1.83031167562061e-08,0.499713522608274,0.250286560033645,0.249999917358081,0.249999917358081,0.249713605250193,0.999999982843452
1.88169442497056e-08,0.499705466040683,0.250294621298288,0.249999912661029,0.249999912661029,0.249705553379654,0.999999982361888
1.93451965374404e-08,0.49969718248765,0.250302909816061,0.24999990769629,0.24999990769629,0.24969727479136,0.99999998186681
1.98882785698881e-08,0.499688665530596,0.250311432020834,0.249999902448571,0.249999902448571,0.249688763082025,0.999999981357838
2.04466066657912e-08,0.499679908568099,0.250320194530195,0.249999896901706,0.249999896901706,0.249680011666393,0.999999980834582
2.10206088313016e-08,0.499670904810609,0.250329204150788,0.249999891038603,0.249999891038603,0.249671013772006,0.999999980296641
2.16107250880838e-08,0.499661647275003,0.250338467883807,0.24999988484119,0.24999988484119,0.249661762433813,0.999999979743605
2.22174078106288e-08,0.499652128778984,0.250347992930657,0.249999878290359,0.249999878290359,0.249652250488624,0.999999979175049
2.28411220730383e-08,0.499642341935306,0.250357786698785,0.249999871365909,0.249999871365909,0.249642470569398,0.999999978590537
2.34823460055428e-08,0.499632279145834,0.250367856807689,0.249999864046477,0.249999864046477,0.249632415099357,0.999999977989623
2.41415711610302e-08,0.499621932595418,0.250378211095103,0.249999856309479,0.249999856309479,0.249622076285939,0.999999977371846
2.48193028918626e-08,0.499611294245589,0.250388857623377,0.249999848131034,0.249999848131034,0.249611446114555,0.999999976736733
2.55160607372719e-08,0.499600355828066,0.250399804686043,0.249999839485891,0.249999839485891,0.249600516342175,0.999999976083798
2.62323788216312e-08,0.499589108838065,0.250411060814584,0.249999830347351,0.249999830347351,0.249589278490714,0.999999975412541
2.69688062639069e-08,0.499577544527405,0.250422634785414,0.249999820687182,0.249999820687182,0.249577723840223,0.999999974722448
2.77259075986048e-08,0.499565653897411,0.250434535627058,0.249999810475531,0.249999810475531,0.24956584342188,0.999999974012991
2.85042632085343e-08,0.4995534276916,0.250446772627568,0.249999799680832,0.249999799680832,0.249553628010769,0.999999973283626
2.93044697697214e-08,0.499540856388144,0.250459355342151,0.249999788269705,0.249999788269705,0.249541068118439,0.999999972533796
3.01271407088116e-08,0.499527930192102,0.250472293601044,0.249999776206854,0.249999776206854,0.249528153985249,0.999999971762927
3.09729066733141e-08,0.499514639027426,0.250485597517622,0.249999763454952,0.249999763454953,0.249514875572473,0.999999970970428
3.18424160150466e-08,0.499500972528706,0.250499277496764,0.24999974997453,0.24999974997453,0.249501222554176,0.999999970155692
3.27363352871525e-08,0.499486920032684,0.250513344243469,0.249999735723846,0.249999735723846,0.249487184308838,0.999999969318097
3.36553497550709e-08,0.499472470569488,0.250527808771752,0.249999720658761,0.249999720658761,0.249472749910727,0.999999968457001
3.46001639218511e-08,0.499457612853607,0.2505426824138,0.249999704732592,0.249999704732592,0.249457908121015,0.999999967571745
3.55715020682138e-08,0.499442335274594,0.250557976829431,0.249999687895975,0.249999687895975,0.249442647378618,0.999999966661652
3.65701088077749e-08,0.499426625887465,0.250573704015834,0.249999670096701,0.249999670096701,0.249426955790764,0.999999965726025
3.75967496578547e-08,0.49941047240282,0.250589876317626,0.249999651279554,0.249999651279554,0.249410821123266,0.999999964764149
3.86522116263126e-08,0.499393862176645,0.250606506437215,0.24999963138614,0.24999963138614,0.249394230790505,0.999999963775287
3.97373038148561e-08,0.499376782199804,0.250623607445497,0.249999610354699,0.249999610354699,0.249377171845104,0.999999962758683
4.08528580392857e-08,0.499359219087198,0.250641192792892,0.24999958811991,0.24999958811991,0.249359630967288,0.99999996171356
4.19997294671531e-08,0.499341159066593,0.25065927632072,0.249999564612687,0.249999564612687,0.249341594453906,0.999999960639117
4.31787972733202e-08,0.499322587967092,0.250677872272951,0.249999539759957,0.249999539759957,0.249323048207134,0.999999959534532
4.43909653139217e-08,0.499303491207244,0.250696995308323,0.249999513484433,0.249999513484433,0.249303977722811,0.999999958398962
4.56371628192476e-08,0.499283853782787,0.250716660512849,0.249999485704363,0.249999485704363,0.249284368078424,0.999999957231536
4.6918345106078e-08,0.499263660253994,0.250736883412729,0.249999456333277,0.249999456333277,0.249264203920718,0.999999956031363
4.82354943100147e-08,0.499242894732624,0.25075767998767,0.249999425279705,0.249999425279706,0.249243469452919,0.999999954797525
4.95896201383721e-08,0.499221540868456,0.250779066684648,0.249999392446896,0.249999392446895,0.24922214842156,0.999999953529078
5.09817606442043e-08,0.499199581835395,0.250801060432107,0.249999357732498,0.249999357732498,0.249200224102898,0.999999952225052
5.24129830220606e-08,0.499177000317136,0.250823678654623,0.249999321028242,0.249999321028242,0.249177679288894,0.99999995088445
5.38843844260822e-08,0.499153778492359,0.25084693928805,0.249999282219592,0.249999282219592,0.249154496272767,0.999999949506247
5.5397092811064e-08,0.499129898019461,0.25087086079516,0.249999241185378,0.249999241185378,0.249130656834083,0.999999948089389
5.69522677971282e-08,0.499105340020786,0.2508954621818,0.249999197797414,0.249999197797414,0.249106142223372,0.999999946632794
5.85511015586724e-08,0.499080085066342,0.250920763013577,0.249999151920081,0.249999151920081,0.249080933146261,0.999999945135348
6.01948197382727e-08,0.499054113156999,0.250946783433104,0.249999103409897,0.249999103409897,0.249055009747102,0.999999943595906
6.18846823862438e-08,0.499027403707127,0.250973544177819,0.249999052115054,0.249999052115054,0.249028351592073,0.999999942013293
6.3621984926575e-08,0.498999935526672,0.251001066598395,0.249998997874933,0.249998997874933,0.249000937651739,0.999999940386298
6.54080591499826e-08,0.498971686802643,0.251029372677773,0.249998940519584,0.249998940519584,0.248972746283059,0.999999938713678
6.72442742348425e-08,0.498942635079985,0.251058485050835,0.249998879869181,0.249998879869181,0.248943755210804,0.999999936994157
6.91320377967813e-08,0.498912757241816,0.251088427024743,0.249998815733441,0.249998815733441,0.248913941508375,0.999999935226419
7.10727969677341e-08,0.498882029489017,0.251119222599975,0.249998747911008,0.249998747911008,0.248883281578008,0.999999933409115
7.30680395052951e-08,0.498850427319125,0.251150896492069,0.249998676188806,0.249998676188806,0.248851751130319,0.999999931540856
7.51192949332097e-08,0.498817925504534,0.251183474154124,0.249998600341342,0.249998600341342,0.248819325163193,0.999999929620217
7.72281357138864e-08,0.498784498069948,0.251216981800074,0.249998520129979,0.249998520129979,0.248785977939969,0.99999992764573
7.93961784538228e-08,0.498750118269078,0.251251446428763,0.249998435302159,0.249998435302159,0.248751682966919,0.999999925615887
8.16250851428724e-08,0.498714758560551,0.251286895848867,0.249998345590582,0.249998345590582,0.248716412969969,0.999999923529139
8.39165644283016e-08,0.498678390582985,0.251323358704683,0.249998250712332,0.249998250712332,0.248680139870652,0.999999921383893
8.62723729246145e-08,0.498640985129221,0.251360864502824,0.249998150367955,0.249998150367955,0.248642834761266,0.999999919178513
8.8694316560147e-08,0.498602512119662,0.25139944363986,0.249998044240477,0.249998044240477,0.248604467879185,0.999999916911313
9.11842519614656e-08,0.498562940574689,0.251439127430944,0.249997931994367,0.249997931994367,0.248565008580321,0.999999914580565
9.374408787663e-08,0.498522238586116,0.251479948139451,0.249997813274434,0.249997813274434,0.248524425311682,0.999999912184491
9.63757866384109e-08,0.498480373287654,0.251521939007689,0.249997687704657,0.249997687704657,0.248482685582997,0.999999909721262
9.90813656685867e-08,0.498437310824331,0.251565134288721,0.249997554886949,0.249997554886949,0.248439755937382,0.999999907189
1.01862899024469e-07,0.498393016320832,0.251609569279332,0.249997414399836,0.249997414399836,0.248395601920995,0.999999904585774
1.04722518988844e-07,0.49834745384872,0.251655280354211,0.249997265797069,0.249997265797069,0.248350188051651,0.999999901909598
1.07662417704549e-07,0.498300586392485,0.251702305001379,0.249997108606136,0.249997108606136,0.248303477786349,0.999999899158432
1.10684848854941e-07,0.49825237581437,0.251750681858934,0.249996942326695,0.249996942326695,0.248255433487675,0.999999896330181
1.13792129391531e-07,0.498202782817939,0.251800450753154,0.249996766428908,0.249996766428908,0.248206016389031,0.999999893422686
1.16986641310131e-07,0.49815176691031,0.251851652738024,0.249996580351666,0.249996580351666,0.248155186558644,0.999999890433734
1.20270833476851e-07,0.498099286363023,0.251904330136261,0.249996383500717,0.249996383500717,0.248102902862306,0.999999887361048
1.23647223505371e-07,0.498045298171462,0.251958526581873,0.249996175246665,0.249996175246665,0.248049122924798,0.999999884202285
1.27118399686903e-07,0.497989758012787,0.252014287064355,0.249995954922857,0.249995954922857,0.24799380308993,0.999999880955042
1.30687022974335e-07,0.497932620202296,0.252071657974571,0.249995721823133,0.249995721823134,0.247936898379162,0.999999877616846
1.34355829022083e-07,0.497873837648161,0.252130687152403,0.249995475199437,0.249995475199437,0.247878362448724,0.999999874185155
1.38127630283201e-07,0.497813361804465,0.252191423936258,0.249995214259277,0.249995214259277,0.247818147545188,0.999999870657358
1.42005318165368e-07,0.497751142622459,0.252253919214504,0.249994938163037,0.249994938163037,0.247756204459422,0.99999986703077
1.45991865247398e-07,0.497687128499962,0.252318225478932,0.249994646021107,0.249994646021107,0.247692482478855,0.999999863302632
1.50090327557974e-07,0.497621266228825,0.252384396880335,0.24999433689084,0.24999433689084,0.247626929337984,0.999999859470108
1.54303846918356e-07,0.497553500940369,0.252452489286307,0.249994009773324,0.249994009773324,0.247559491167045,0.999999855530286
1.58635653350859e-07,0.497483776048704,0.252522560341362,0.249993663609935,0.249993663609935,0.247490112438769,0.999999851480168
1.63089067554933e-07,0.497412033191826,0.252594669529486,0.249993297278687,0.249993297278687,0.247418735913139,0.999999847316678
1.6766750345277e-07,0.497338212170412,0.252668878239242,0.249992909590347,0.249992909590347,0.247345302580065,0.999999843036652
1.72374470806362e-07,0.497262250884165,0.252745249831541,0.249992499284294,0.249992499284294,0.24726975159987,0.999999838636838
1.77213577908036e-07,0.497184085265643,0.252823849710227,0.249992065024131,0.249992065024131,0.247192020241512,0.999999834113896
1.82188534346517e-07,0.497103649211408,0.252904745395594,0.249991605392998,0.249991605392998,0.24711204381841,0.999999829464392
1.87303153850643e-07,0.497020874510399,0.252988006600998,0.249991118888603,0.249991118888603,0.247029755621797,0.999999824684797
1.9256135721292e-07,0.496935690769377,0.253073705312706,0.249990603917917,0.249990603917917,0.246945086851459,0.999999819771485
1.97967175295133e-07,0.496848025335303,0.253161915873156,0.249990058791541,0.249990058791541,0.246857966543762,0.99999981472073
2.03524752118358e-07,0.496757803214511,0.253252715067792,0.249989481717697,0.249989481717697,0.246768321496815,0.999999809528702
2.09238348039698e-07,0.496664946988497,0.253346182215668,0.249988870795835,0.249988870795835,0.246676076192663,0.999999804191467
2.15112343018217e-07,0.49656937672617,0.253442399264005,0.249988224009824,0.249988224009824,0.246581152716346,0.999999798704979
2.21151239972549e-07,0.496471009892384,0.253541450886918,0.249987539220697,0.249987539220698,0.246483470671687,0.999999793065084
2.27359668232772e-07,0.496369761252559,0.253643424588523,0.249986814158917,0.249986814158917,0.246382947093642,0.999999787267513
2.33742387089181e-07,0.496265542773194,0.25374841081067,0.249986046416136,0.249986046416136,0.246279496357058,0.999999781307878
2.40304289440697e-07,0.496158263518056,0.253856503045532,0.249985233436412,0.249985233436412,0.246173030081644,0.99999977518167
2.47050405545683e-07,0.496047829539826,0.253967797953335,0.249984372506839,0.249984372506839,0.246063457032987,0.999999768884257
2.53985906878073e-07,0.495934143766956,0.254082395485491,0.249983460747553,0.249983460747553,0.245950683019403,0.999999762410881
2.61116110091746e-07,0.495817105885488,0.254200399013437,0.249982495101075,0.249982495101075,0.245834610784413,0.99999975575665
2.68446481096197e-07,0.495696612215561,0.254321915463509,0.249981472320929,0.249981472320929,0.245715139894632,0.99999974891654
2.75982639246618e-07,0.495572555582322,0.254447055458176,0.249980388959502,0.249980388959502,0.245592166622821,0.999999741885389
2.83730361651621e-07,0.495444825180936,0.254575933463992,0.249979241355071,0.249979241355071,0.245465583825865,0.999999734657892
2.91695587601879e-07,0.495313306435366,0.254708667946673,0.249978025617961,0.249978025617961,0.245335280817406,0.999999727228603
2.99884423123102e-07,0.495177880850581,0.254845381533679,0.24997673761574,0.249976737615739,0.245201143234842,0.999999719591921
3.08303145656828e-07,0.495038425857822,0.254986201184766,0.249975372957412,0.249975372957412,0.245063052900411,0.999999711742097
3.16958208872612e-07,0.49489481465253,0.25513125837096,0.24997392697651,0.24997392697651,0.24492088767602,0.999999703673222
3.25856247615323e-07,0.494746916024522,0.255280689262457,0.249972394713021,0.249972394713021,0.244774521311501,0.999999695379227
3.35004082991314e-07,0.49459459417996,0.255434634925993,0.249970770894047,0.249970770894047,0.244623823285912,0.999999686853879
3.44408727597382e-07,0.494437708554638,0.255593241532245,0.249969049913117,0.249969049913117,0.244468658641521,0.999999678090773
3.54077390896527e-07,0.494276113618083,0.255756660573883,0.249967225808034,0.249967225808034,0.244308887810049,0.999999669083332
3.64017484744614e-07,0.494109658667907,0.255925049094929,0.249965292237164,0.249965292237164,0.244144366430743,0.999999659824798
3.74236629072198e-07,0.493938187613841,0.256098569932134,0.249963242454025,0.249963242454025,0.243974945159816,0.999999650308233
3.84742657725851e-07,0.493761538750812,0.25627739196912,0.249961069280068,0.249961069280068,0.243800469470744,0.99999964052651
3.9554362447347e-07,0.493579544520405,0.256461690404106,0.249958765075489,0.249958765075489,0.243620779444915,0.999999630472308
4.06647809178186e-07,0.493392031259977,0.25665164703209,0.249956321707933,0.249956321707933,0.243435709552044,0.99999962013811
4.18063724145576e-07,0.493198818938661,0.256847450542425,0.249953730518914,0.249953730518914,0.243245088419747,0.999999609516196
4.2980012064908e-07,0.492999720879427,0.257049296832798,0.249950982287775,0.249950982287775,0.243048738591652,0.999999598598639
4.41865995638594e-07,0.492794543466307,0.257257389340704,0.249948067192988,0.249948067192988,0.242846476273319,0.999999587377299
4.54270598637404e-07,0.492583085835841,0.257471939393575,0.249944974770584,0.249944974770584,0.242638111065257,0.999999575843817
4.67023438832733e-07,0.492365139551691,0.25769316657884,0.249941693869469,0.249941693869469,0.242423445682221,0.999999563989611
4.80134292365345e-07,0.492140488261337,0.257921299135275,0.249938212603388,0.249938212603388,0.242202275657949,0.999999551805872
4.93613209823792e-07,0.491908907333654,0.258156574367108,0.249934518299239,0.249934518299239,0.241974389034415,0.999999539283552
5.07470523949047e-07,0.491670163476069,0.258399239082476,0.249930597441456,0.249930597441456,0.241739566034613,0.999999526413368
5.21716857555435e-07,0.491424014329938,0.258649550057954,0.249926435612108,0.249926435612108,0.24149757871783,0.999999513185786
5.36363131673925e-07,0.491170208042612,0.258907774531017,0.249922017426372,0.249922017426372,0.24124819061624,0.999999499591025
5.5142057392403e-07,0.490908482814593,0.259174190722443,0.249917326462964,0.249917326462964,0.240991156351629,0.999999485619041
5.66900727120743e-07,0.49063856642002,0.259449088390863,0.249912345189118,0.249912345189118,0.240726221230902,0.999999471259532
5.82815458123084e-07,0.490360175698582,0.259732769421809,0.249907054879609,0.249907054879609,0.240453120818973,0.999999456501921
5.99176966931061e-07,0.490073016016818,0.260025548453854,0.249901435529328,0.249901435529328,0.24017158048749,0.999999441335357
6.15997796038017e-07,0.489776780696553,0.260327753544634,0.249895465758814,0.249895465758814,0.239881314937739,0.999999425748707
6.33290840045511e-07,0.489471150408075,0.260639726879802,0.249889122712124,0.249889122712124,0.239582027695951,0.999999409730549
6.51069355548147e-07,0.489155792525409,0.260961825528241,0.24988238194635,0.24988238194635,0.23927341057906,0.999999393269167
6.69346971295867e-07,0.488830360440842,0.261294422247142,0.249875217312016,0.249875217312016,0.238955143128826,0.999999376352543
6.88137698641567e-07,0.488494492835581,0.2616379063409,0.249867600823519,0.249867600823519,0.238626892012063,0.99999935896835
7.07455942281988e-07,0.488147812903175,0.261992684578138,0.249859502518686,0.249859502518686,0.238288310384489,0.999999341103952
7.27316511300145e-07,0.487789927521995,0.262359182171579,0.249850890306426,0.249850890306426,0.237939037215569,0.999999322746386
7.47734630517758e-07,0.487420426372753,0.262737843825906,0.249841729801342,0.249841729801342,0.237578696571411,0.999999303882369
7.68725952166374e-07,0.487038880996662,0.263129134859278,0.24983198414406,0.24983198414406,0.237206896852602,0.999999284498282
7.90306567886135e-07,0.486644843789424,0.263533542404698,0.249821613805878,0.249821613805878,0.236823229983546,0.999999264580167
8.12493021061405e-07,0.486237846925775,0.263951576698018,0.249810576376207,0.249810576376206,0.236427270549569,0.999999244113721
8.35302319502679e-07,0.485817401208831,0.264383772460085,0.249798826331084,0.249798826331084,0.236018574877746,0.999999223084293
8.58751948484518e-07,0.485382994837885,0.264830690381233,0.249786314780881,0.249786314780882,0.235596680057004,0.999999201476873
8.82859884149515e-07,0.484934092087731,0.265292918717201,0.249772989195068,0.249772989195069,0.235161102892662,0.999999179276088
9.07644607288536e-07,0.484470131891836,0.265771075006466,0.249758793101698,0.249758793101698,0.234711338790137,0.999999156466202
9.33125117507824e-07,0.483990526320983,0.266265807920041,0.249743665758977,0.249743665758977,0.234246860562006,0.999999133031102
9.59320947793823e-07,0.483494658948091,0.26677779925593,0.249727541795979,0.249727541795979,0.233767117152111,0.999999108954302
9.86252179486878e-07,0.482981883088988,0.267307766091776,0.249710350819236,0.249710350819236,0.233271532269752,0.999999084218933
1.01393945767529e-06,0.482451519907846,0.267856463110654,0.2496920169815,0.2496920169815,0.232759502926346,0.999999058807743
1.04240400702156e-06,0.481902856374763,0.268424685116676,0.249672458508561,0.249672458508561,0.232230397866201,0.99999903270309
1.07166764803286e-06,0.481335143061665,0.269013269758849,0.249651587179486,0.249651587179486,0.231683555882178,0.999999005886945
1.10175281378839e-06,0.480747591761173,0.269623100483789,0.249629307755038,0.249629307755038,0.231118284006135,0.999998978340888
1.13268256713615e-06,0.480139372911386,0.270255109740208,0.249605517348406,0.249605517348406,0.23053385556298,0.999998950046103
1.16448061837269e-06,0.479509612807636,0.270910282460765,0.249580104731599,0.249580104731599,0.229929508076037,0.999998920983387
1.19717134341897e-06,0.478857390580112,0.271589659849898,0.249552949569989,0.249552949569989,0.229304441010123,0.999998891133144
1.23077980250667e-06,0.478181734913828,0.272294343509668,0.249523921576504,0.249523921576504,0.228657813337324,0.999998860475393
1.26533175938894e-06,0.47748162048466,0.273025499939521,0.24949287957582,0.24949287957582,0.22798874090884,0.999998828989769
1.30085370109057e-06,0.476755964082093,0.273784365450316,0.249459670467591,0.249459670467591,0.227296293614502,0.999998796655533
1.3373728582125e-06,0.476003620385781,0.274572251537979,0.249424128076239,0.249424128076239,0.226579492309542,0.999998763451576
1.37491722580642e-06,0.475223377359028,0.275390550767893,0.249386071873078,0.249386071873078,0.22583730548595,0.999998729356435
1.4135155848354e-06,0.474413951217778,0.27624074322772,0.249345305554502,0.249345305554502,0.225068645663276,0.999998694348303
1.4531975242369e-06,0.473573980928501,0.277124403613855,0.249301615457644,0.249301615457644,0.224272365470857,0.999998658405045
1.49399346360526e-06,0.472702022182494,0.278043209025347,0.249254768792159,0.249254768792159,0.223447253390334,0.999998621504222
1.5359346765109e-06,0.471796540787346,0.27899894754906,0.249204511663594,0.249204511663594,0.222592029123752,0.999998583623113
1.57905331447418e-06,0.47085590540866,0.279993527731222,0.249150566860118,0.249150566860118,0.221705338548543,0.999998544738742
1.62338243161228e-06,0.469878379586258,0.281028989043731,0.249092631370012,0.249092631370012,0.220785748216246,0.999998504827918
1.66895600997803e-06,0.46886211293901,0.282107513468749,0.249030373592241,0.249030373592241,0.219831739346769,0.999998463867269
1.71580898561001e-06,0.467805131460831,0.283231438342744,0.248963430196425,0.248963430196425,0.218841701264406,0.999998421833293
1.76397727531405e-06,0.466705326797005,0.284403270621504,0.248891402581491,0.248891402581491,0.217813924215514,0.999998378702415
1.8134978041965e-06,0.465560444374684,0.285625702751361,0.248813852873955,0.248813852873955,0.216746591500729,0.99999833445105
1.86440853397049e-06,0.464368070243729,0.286901630359332,0.24873029939694,0.24873029939694,0.215637770846789,0.999998289055678
1.91674849205681e-06,0.463125616463686,0.288234172006952,0.248640211529362,0.248640211529362,0.214485404934324,0.999998242492937
1.9705578015018e-06,0.461830304849247,0.289626691289896,0.248543003860857,0.248543003860857,0.21328730098839,0.999998194739721
2.02587771173502e-06,0.46047914885949,0.29108282160903,0.24843802953148,0.24843802953148,0.21204111932801,0.999998145773304
2.08275063019052e-06,0.459068933385074,0.292606493989408,0.248324572625518,0.248324572625518,0.210744360759556,0.99999809557148
2.14122015481573e-06,0.457596192151705,0.29420196838312,0.248201839465175,0.248201839465175,0.209394352686529,0.999998044112724
2.20133110749303e-06,0.456057182417065,0.2958738689613,0.248068948621634,0.248068948621634,0.207988233795431,0.999997991376381
2.26312956839953e-06,0.454447856591264,0.297627223981632,0.247924919427104,0.247924919427104,0.20652293716416,0.999997937342894
2.32666291133146e-06,0.45276383035711,0.299467510912189,0.247768658730701,0.247768658730701,0.204995171626409,0.999997881994057
2.39197984002024e-06,0.451000346805614,0.301400707602429,0.247598945591956,0.247598945591956,0.203401401213658,0.999997825313317
2.45913042546804e-06,0.449152236033643,0.303433350419694,0.247414413546664,0.247414413546664,0.201737822486979,0.999997767286134
2.5281661443315e-06,0.447213869574659,0.305572600416769,0.247213530008571,0.247213530008571,0.200000339566088,0.999997707900394
2.59913991838293e-06,0.44517910895065,0.307826318764623,0.246994572284727,0.246994572284727,0.198184536665923,0.999997647146894
2.67210615507944e-06,0.443041247545446,0.310203152875382,0.246755599579171,0.246755599579171,0.196285647966275,0.999997585019921
2.74712078927081e-06,0.440792944910417,0.31271263485349,0.246494420236093,0.246494420236093,0.194298524674324,0.999997521517933
2.82424132607844e-06,0.438426152529493,0.31536529414446,0.246208553326047,0.246208553326047,0.192217599203446,0.999997456644354
2.90352688497781e-06,0.435932030002985,0.318172786492938,0.245895183504077,0.245895183504077,0.190036846498909,0.999997390408529
2.98503824511873e-06,0.433300850577214,0.321148041558936,0.245551107863849,0.245551107863849,0.187749742713365,0.999997322826852
3.06883789191764e-06,0.430521894979283,0.324305431744573,0.245172673276144,0.245172673276144,0.18534922170314,0.999997253924105
3.15499006495809e-06,0.427583332660446,0.327660964903935,0.24475570243562,0.24475570243562,0.182827630224826,0.999997183735057
3.24356080723581e-06,0.42447208988061,0.331232503563491,0.244295406555899,0.244295406555899,0.180176683324712,0.999997112306374
3.33461801578637e-06,0.421173704693456,0.335040012935653,0.243786282370891,0.243786282370891,0.177387422322566,0.999997039698893
3.42823149373397e-06,0.417672169988568,0.339105839149063,0.243221990862369,0.243221990862369,0.174450179126199,0.999996965990342
3.52447300380159e-06,0.413949767573383,0.343455017408213,0.242595215018404,0.242595215018404,0.171354552554979,0.999996891278586
3.62341632332315e-06,0.40998689921927,0.348115606708644,0.241897494072085,0.241897494072085,0.168089405147185,0.999996815685484
3.72513730080021e-06,0.405761925214757,0.353119042476303,0.24111903230894,0.24111903230894,0.164642892905817,0.999996739361461
3.82971391404628e-06,0.401251028061597,0.358500489888694,0.240248482049709,0.240248482049709,0.161002546011887,0.99999666249088
3.93722632996347e-06,0.396428129597424,0.364299166975319,0.239272703427258,0.239272703427258,0.157155426170166,0.999996585298265
4.04775696599732e-06,0.39126490539718,0.3705585855768,0.23817650902602,0.23817650902602,0.15308839637116,0.999996508055379
4.16139055331671e-06,0.385730962291405,0.3773266269946,0.236942410713995,0.236942410713995,0.14878855157741,0.999996431089022
4.27821420176762e-06,0.379794274366925,0.384655324720507,0.235550400912567,0.235550400912567,0.144243873454358,0.999996354789169
4.39831746665023e-06,0.373422009412769,0.392600167354971,0.233977823232259,0.233977823232259,0.13944418618051,0.999996279616718
4.5217924173707e-06,0.366581916878539,0.401218663658434,0.232199419463027,0.232199419463027,0.134382497415512,0.99999620610952
4.64873370802026e-06,0.359244477041835,0.410567842462438,0.230187680495727,0.230187680495727,0.129056796546108,0.999996134884521
4.7792386499356e-06,0.351386001860468,0.420700327464457,0.227913670675075,0.227913670675075,0.123472331185393,0.999996066632899
4.91340728629636e-06,0.34299278443202,0.431658696716072,0.225348518851909,0.225348518851908,0.117644265580111,0.999996002104112
5.05134246881677e-06,0.334066155899505,0.443468106448218,0.222465737652278,0.222465737652278,0.111600418247227,0.999995942074552
5.19314993659021e-06,0.324627883915245,0.456127722905657,0.219244393179098,0.219244393179098,0.105383490736147,0.999995887297889
5.33893839714736e-06,0.314724783161021,0.469602356054571,0.215672860784408,0.215672860784408,0.0990519223766127,0.999995838438322
