1e-09,0.49997187452894,0.250028126268352,0.249999999202707,0.249999999202707,0.249971875326233,0.999999999412525
1.02807322383086e-09,0.499971084941079,0.250028915901428,0.249999999157493,0.249999999157493,0.249971085783585,0.999999999396034
1.05693455355799e-09,0.499970273186074,0.250029727704216,0.24999999910971,0.24999999910971,0.249970274076364,0.999999999379079
1.0866061138546e-09,0.499969438641573,0.250030562299215,0.249999999059211,0.249999999059211,0.249969439582362,0.999999999361649
1.11711065050482e-09,0.499968580667751,0.250031420326407,0.249999999005843,0.249999999005843,0.249968581661908,0.999999999343729
1.14847154784029e-09,0.499967698606814,0.250032302443745,0.249999998949441,0.249999998949441,0.249967699657373,0.999999999325306
1.18071284666619e-09,0.499966791782502,0.250033209327664,0.249999998889834,0.249999998889834,0.249966792892668,0.999999999306366
1.21385926269063e-09,0.499965859499566,0.250034141673596,0.249999998826839,0.249999998826839,0.249965860672727,0.999999999286895
1.24793620547131e-09,0.499964901043234,0.250035100196503,0.249999998760263,0.249999998760263,0.249964902282971,0.999999999266877
1.28296979789415e-09,0.499963915678667,0.250036085631431,0.249999998689902,0.249999998689902,0.249963916988765,0.999999999246297
1.31898689619867e-09,0.499962902650391,0.250037098734068,0.249999998615542,0.249999998615542,0.249962904034849,0.999999999225139
1.35601511056563e-09,0.499961861181719,0.250038140281327,0.249999998536954,0.249999998536954,0.249961862644765,0.999999999203388
1.39408282628258e-09,0.499960790474157,0.250039211071944,0.249999998453899,0.249999998453899,0.249960792020258,0.999999999181026
1.43321922550358e-09,0.49995968970679,0.250040311927089,0.249999998366121,0.249999998366121,0.249959691340668,0.999999999158036
1.47345430961984e-09,0.49995855803565,0.250041443690997,0.249999998273353,0.249999998273353,0.249958559762297,0.9999999991344
1.51481892225835e-09,0.499957394593074,0.250042607231616,0.24999999817531,0.24999999817531,0.249957396417764,0.999999999110102
1.55734477292614e-09,0.499956198487033,0.250043803441274,0.249999998071692,0.249999998071692,0.249956200415341,0.999999999085121
1.60106446131832e-09,0.499954968800452,0.250045033237365,0.249999997962183,0.249999997962183,0.24995497083827,0.999999999059439
1.64601150230855e-09,0.499953704590504,0.25004629756305,0.249999997846446,0.249999997846446,0.249953706744059,0.999999999033037
1.69222035164104e-09,0.499952404887887,0.250047597387986,0.249999997724127,0.249999997724127,0.24995240716376,0.999999999005893
1.7397264323438e-09,0.49995106869608,0.250048933709067,0.249999997594852,0.249999997594852,0.249951071101228,0.999999998977988
1.78856616188346e-09,0.499949694990582,0.250050307551193,0.249999997458225,0.249999997458225,0.249949697532357,0.999999998949298
1.83877698008233e-09,0.49994828271812,0.250051719968052,0.249999997313828,0.249999997313828,0.249948285404292,0.999999998919804
1.89039737781922e-09,0.499946830795847,0.250053172042935,0.249999997161218,0.249999997161218,0.249946833634628,0.999999998889482
1.94346692653602e-09,0.499945338110506,0.250054664889566,0.249999996999929,0.249999996999929,0.249945341110577,0.999999998858309
1.99802630857255e-09,0.49994380351758,0.250056199652955,0.249999996829465,0.249999996829465,0.249943806688115,0.999999998826261
2.05411734835306e-09,0.499942225840413,0.250057777510282,0.249999996649305,0.249999996649305,0.249942229191108,0.999999998793313
2.11178304444824e-09,0.499940603869304,0.250059399671798,0.249999996458898,0.249999996458898,0.249940607410406,0.999999998759441
2.17106760253726e-09,0.499938936360583,0.250061067381758,0.24999999625766,0.24999999625766,0.249938940102923,0.999999998724617
2.23201646929523e-09,0.499937222035654,0.250062781919373,0.249999996044974,0.249999996044974,0.24993722599068,0.999999998688816
2.29467636723194e-09,0.499935459580015,0.250064544599796,0.249999995820189,0.249999995820189,0.249935463759826,0.999999998652011
2.35909533050864e-09,0.499933647642251,0.250066356775133,0.249999995582616,0.249999995582617,0.249933652059634,0.999999998614173
2.42532274176036e-09,0.499931784832992,0.250068219835479,0.249999995331529,0.249999995331529,0.249931789501463,0.999999998575272
2.49340936995188e-09,0.499929869723853,0.250070135209991,0.249999995066156,0.249999995066156,0.249929874657696,0.999999998535279
2.56340740929651e-09,0.499927900846332,0.250072104367982,0.249999994785686,0.249999994785686,0.249927906060646,0.999999998494164
2.63537051926739e-09,0.499925876690689,0.250074128820052,0.249999994489259,0.249999994489259,0.249925882201429,0.999999998451896
2.70935386573205e-09,0.499923795704781,0.250076210119252,0.249999994175967,0.249999994175967,0.249923801528814,0.99999999840844
2.78541416324176e-09,0.499921656292876,0.250078349862275,0.249999993844849,0.249999993844849,0.249921662448026,0.999999998363766
2.86360971850811e-09,0.499919456814425,0.250080549690682,0.249999993494892,0.249999993494892,0.249919463319533,0.999999998317837
2.94400047510004e-09,0.499917195582806,0.250082811292171,0.249999993125023,0.249999993125023,0.249917202457784,0.999999998270619
3.0266480593957e-09,0.499914870864026,0.250085136401867,0.249999992734107,0.249999992734107,0.249914878129919,0.999999998222076
3.11161582782436e-09,0.499912480875391,0.250087526803661,0.249999992320949,0.249999992320948,0.249912488554442,0.999999998172171
3.19896891543454e-09,0.499910023784138,0.250089984331582,0.24999999188428,0.24999999188428,0.249910031899858,0.999999998120865
3.28877428582551e-09,0.49990749770603,0.250092510871206,0.249999991422763,0.249999991422763,0.249907506283267,0.999999998068119
3.38110078248068e-09,0.499904900703907,0.250095108361109,0.249999990934984,0.249999990934984,0.249904909768923,0.999999998013893
3.47601918154197e-09,0.499902230786197,0.250097778794355,0.249999990419447,0.249999990419447,0.24990224036675,0.999999997958145
3.57360224606578e-09,0.499899485905394,0.250100524220033,0.249999989874573,0.249999989874573,0.249899496030821,0.999999997900832
3.67392478180208e-09,0.499896663956477,0.250103346744832,0.249999989298691,0.249999989298691,0.249896674657787,0.999999997841911
3.77706369453937e-09,0.499893762775302,0.250106248534662,0.249999988690036,0.249999988690036,0.249893774085267,0.999999997781336
3.88309804905961e-09,0.499890780136934,0.250109231816324,0.249999988046742,0.249999988046742,0.249890792090193,0.999999997719062
3.99210912974805e-09,0.499887713753943,0.25011229887922,0.249999987366837,0.249999987366837,0.249887726387106,0.999999997655039
4.10418050290471e-09,0.499884561274644,0.250115452077118,0.249999986648238,0.249999986648238,0.249884574626406,0.99999999758922
4.21939808080502e-09,0.499881320281293,0.250118693829966,0.249999985888741,0.249999985888741,0.249881334392553,0.999999997521554
4.33785018755898e-09,0.499877988288232,0.25012202662575,0.249999985086018,0.249999985086018,0.249878003202214,0.999999997451989
4.45962762681909e-09,0.499874562739975,0.250125453022418,0.249999984237607,0.249999984237607,0.249874578502367,0.999999997380472
4.58482375138911e-09,0.499871041009249,0.250128975649842,0.249999983340909,0.249999983340909,0.24987105766834,0.999999997306948
4.71353453478692e-09,0.499867420394976,0.250132597211851,0.249999982393173,0.249999982393173,0.249867438001803,0.999999997231361
4.8458586448165e-09,0.499863698120197,0.250136320488308,0.249999981391495,0.249999981391495,0.249863716728702,0.999999997153652
4.98189751920517e-09,0.499859871329938,0.25014014833726,0.249999980332802,0.249999980332802,0.249859890997136,0.999999997073763
5.12175544336424e-09,0.49985593708902,0.250144083697132,0.249999979213849,0.249999979213848,0.249855957875171,0.999999996991633
5.26553963033276e-09,0.499851892379799,0.250148129588997,0.249999978031204,0.249999978031204,0.249851914348595,0.999999996907197
5.41336030296538e-09,0.499847734099853,0.250152289118906,0.249999976781242,0.249999976781242,0.249847757318611,0.999999996820393
5.56533077842764e-09,0.499843459059593,0.250156565480278,0.249999975460129,0.249999975460129,0.249843483599464,0.999999996731152
5.72156755506324e-09,0.499839063979817,0.250160961956368,0.249999974063815,0.249999974063815,0.249839089916002,0.999999996639408
5.88219040169997e-09,0.499834545489186,0.250165481922796,0.249999972588017,0.249999972588017,0.249834572901169,0.999999996545089
6.04732244946265e-09,0.499829900121636,0.250170128850154,0.24999997102821,0.24999997102821,0.249829929093426,0.999999996448124
6.21709028616383e-09,0.49982512431371,0.250174906306679,0.249999969379611,0.249999969379611,0.249825154934099,0.999999996348438
6.39162405334401e-09,0.499820214401825,0.250179817961013,0.249999967637163,0.249999967637163,0.249820246764662,0.999999996245955
6.57105754603627e-09,0.49981516661945,0.250184867585028,0.249999965795522,0.249999965795522,0.249815200823927,0.999999996140597
6.75552831533164e-09,0.499809977094215,0.250190059056744,0.249999963849041,0.249999963849042,0.249810013245173,0.999999996032283
6.94517777382369e-09,0.49980464184493,0.25019539636332,0.24999996179175,0.24999996179175,0.24980468005318,0.999999995920929
7.14015130401339e-09,0.499799156778528,0.250200883604133,0.249999959617339,0.249999959617339,0.249799197161189,0.999999995806452
7.3405983697572e-09,0.499793517686914,0.250206524993947,0.249999957319138,0.249999957319138,0.249793560367776,0.999999995688763
7.5466726308439e-09,0.499787720243732,0.250212324866169,0.249999954890099,0.249999954890099,0.249787765353634,0.999999995567772
7.75853206078784e-09,0.499781760001035,0.250218287676195,0.24999995232277,0.24999995232277,0.249781807678265,0.999999995443386
7.97633906792928e-09,0.499775632385866,0.250224418004856,0.249999949609277,0.249999949609277,0.249775682776589,0.999999995315512
8.20026061993413e-09,0.49976933269674,0.250230720561963,0.249999946741297,0.249999946741297,0.249769385955443,0.999999995184049
8.43046837178897e-09,0.499762856100026,0.250237200189943,0.249999943710031,0.249999943710031,0.249762912389995,0.999999995048899
8.66713879738922e-09,0.49975619762623,0.25024386186759,0.249999940506181,0.24999994050618,0.249756257120049,0.999999994909958
8.9104533248215e-09,0.49974935216617,0.250250710713913,0.249999937119918,0.249999937119918,0.249749415046252,0.999999994767119
9.16059847544369e-09,0.499742314467045,0.250257751992101,0.249999933540854,0.249999933540854,0.249742380926191,0.999999994620273
9.41776600686954e-09,0.499735079128394,0.250264991113597,0.249999929758009,0.249999929758009,0.249735149370385,0.999999994469308
9.6821530599671e-09,0.499727640597936,0.250272433642287,0.249999925759777,0.249999925759777,0.249727714838159,0.999999994314108
9.95396230998424e-09,0.499719993167298,0.25028008529881,0.249999921533892,0.249999921533892,0.249720071633406,0.999999994154556
1.02334021219164e-08,0.499712130967621,0.250287951964991,0.249999917067388,0.249999917067388,0.249712213900233,0.999999993990528
1.05206867102362e-08,0.49970404796504,0.250296039688398,0.249999912346561,0.249999912346562,0.249704135618479,0.999999993821899
1.08160363031071e-08,0.499695737956039,0.250304354687034,0.249999907356927,0.249999907356927,0.249695830599113,0.999999993648541
1.1119677311207e-08,0.499687194562673,0.250312903354153,0.249999902083174,0.249999902083174,0.249687292479499,0.99999999347032
1.14318425012915e-08,0.499678411227655,0.250321692263224,0.249999896509121,0.249999896509121,0.249678514718534,0.999999993287102
1.17527711746295e-08,0.499669381209304,0.250330728173032,0.249999890617664,0.249999890617664,0.24966949059164,0.999999993098744
1.20827093504478e-08,0.499660097576354,0.250340018032923,0.249999884390723,0.249999884390723,0.24966021318563,0.999999992905105
1.24219099545262e-08,0.499650553202609,0.250349568988199,0.249999877809191,0.249999877809191,0.249650675393418,0.999999992706035
1.27706330130864e-08,0.499640740761457,0.250359388385674,0.249999870852869,0.249999870852869,0.249640869908588,0.999999992501383
1.31291458521247e-08,0.499630652720216,0.250369483779375,0.249999863500409,0.249999863500409,0.249630789219807,0.999999992290991
1.34977233023394e-08,0.499620281334332,0.250379862936421,0.249999855729247,0.249999855729247,0.249620425605085,0.999999992074701
1.38766479098131e-08,0.499609618641406,0.250390533843063,0.249999847515531,0.249999847515531,0.249609771125875,0.999999991852346
1.42662101526074e-08,0.499598656455055,0.250401504710892,0.249999838834053,0.249999838834053,0.249598817621003,0.999999991623755
1.46667086634397e-08,0.499587386358599,0.250412783983235,0.249999829658166,0.249999829658165,0.249587556700434,0.999999991388756
1.50784504586105e-08,0.499575799698565,0.25042438034173,0.249999819959705,0.249999819959705,0.249575979738861,0.999999991147168
1.55017511733577e-08,0.499563887578016,0.250436302713082,0.249999809708901,0.249999809708901,0.249564077869115,0.999999990898807
1.59369353038178e-08,0.499551640849682,0.25044856027603,0.249999798874289,0.249999798874289,0.249551841975393,0.999999990643482
1.63843364557798e-08,0.499539050108899,0.250461162468493,0.249999787422608,0.249999787422608,0.249539262686291,0.999999990381001
1.68442976004231e-08,0.499526105686356,0.25047411899494,0.249999775318704,0.249999775318704,0.249526330367652,0.999999990111161
1.73171713372335e-08,0.499512797640621,0.25048743983396,0.249999762525419,0.249999762525419,0.249513035115203,0.999999989833756
1.78033201643011e-08,0.499499115750473,0.250501135246052,0.249999749003476,0.249999749003476,0.249499366746997,0.999999989548576
1.83031167562061e-08,0.499485049506997,0.250515215781643,0.249999734711361,0.249999734711361,0.249485314795636,0.999999989255403
1.88169442497056e-08,0.499470588105475,0.250529692289333,0.249999719605192,0.249999719605192,0.249470868500283,0.999999988954013
1.93451965374404e-08,0.499455720437032,0.250544575924381,0.249999703638588,0.249999703638588,0.249456016798444,0.999999988644175
1.98882785698881e-08,0.499440435080051,0.250559878157428,0.249999686762522,0.249999686762522,0.249440748317529,0.999999988325654
2.04466066657912e-08,0.499424720291344,0.250575610783484,0.249999668925173,0.249999668925173,0.249425051366171,0.999999987998207
2.10206088313016e-08,0.499408563997072,0.250591785931162,0.249999650071766,0.249999650071766,0.249408913925306,0.999999987661584
2.16107250880838e-08,0.499391953783408,0.250608416072187,0.249999630144404,0.249999630144404,0.249392323639004,0.999999987315528
2.22174078106288e-08,0.499374876886931,0.25062551403118,0.249999609081889,0.249999609081889,0.249375267805043,0.999999986959775
2.28411220730383e-08,0.499357320184753,0.250643092995715,0.249999586819532,0.249999586819532,0.24935773336522,0.999999986594055
2.34823460055428e-08,0.499339270184358,0.250661166526682,0.24999956328896,0.24999956328896,0.249339706895398,0.999999986218089
2.41415711610302e-08,0.499320713013162,0.250679748568942,0.249999538417896,0.249999538417896,0.249321174595266,0.999999985831589
2.48193028918626e-08,0.499301634407765,0.250698853462288,0.249999512129947,0.249999512129947,0.249302122277818,0.999999985434263
2.55160607372719e-08,0.499282019702905,0.250718495952734,0.249999484344361,0.249999484344361,0.249282535358543,0.999999985025806
2.62323788216312e-08,0.499261853820094,0.250738691204123,0.249999454975782,0.249999454975782,0.249262398844312,0.999999984605909
2.69688062639069e-08,0.499241121255934,0.25075945481008,0.249999423933987,0.249999423933987,0.249241697321947,0.99999998417425
2.77259075986048e-08,0.499219806070091,0.250780802806303,0.249999391123606,0.249999391123606,0.249220414946485,0.999999983730503
2.85042632085343e-08,0.499197891872942,0.250802751683227,0.249999356443831,0.249999356443831,0.249198535429111,0.999999983274328
2.93044697697214e-08,0.499175361812852,0.250825318399043,0.249999319788105,0.249999319788105,0.249176042024746,0.999999982805379
3.01271407088116e-08,0.499152198563101,0.250848520393106,0.249999281043792,0.249999281043792,0.249152917519309,0.999999982323299
3.09729066733141e-08,0.499128384308436,0.250872375599732,0.249999240091833,0.249999240091833,0.249129144216603,0.999999981827721
3.18424160150466e-08,0.49910390073123,0.250896902462396,0.249999196806374,0.249999196806374,0.249104703924855,0.999999981318269
3.27363352871525e-08,0.499078728997259,0.250922119948355,0.249999151054386,0.249999151054386,0.249079577942873,0.999999980794555
3.36553497550709e-08,0.499052849741065,0.250948047563689,0.249999102695247,0.249999102695247,0.249053747045818,0.99999998025618
3.46001639218511e-08,0.499026243050898,0.250974705368789,0.249999051580313,0.249999051580313,0.249027191470584,0.999999979702736
3.55715020682138e-08,0.498998888453236,0.251002113994303,0.249998997552461,0.249998997552461,0.248999890900774,0.999999979133803
3.65701088077749e-08,0.498970764896855,0.251030294657544,0.249998940445601,0.249998940445601,0.248971824451254,0.999999978548948
3.75967496578547e-08,0.498941850736447,0.251059269179388,0.249998880084165,0.249998880084165,0.248942970652282,0.999999977947727
3.86522116263126e-08,0.498912123715765,0.251089060001669,0.249998816282566,0.249998816282566,0.248913307433199,0.999999977329683
3.97373038148561e-08,0.498881560950289,0.251119690205085,0.249998748844626,0.249998748844626,0.248882812105663,0.999999976694348
4.08528580392857e-08,0.498850138909394,0.251151183527635,0.249998677562971,0.249998677562971,0.248851461346423,0.99999997604124
4.19997294671531e-08,0.498817833398004,0.251183564383607,0.249998602218389,0.249998602218389,0.248819231179615,0.999999975369862
4.31787972733202e-08,0.498784619537723,0.251216857883121,0.249998522579156,0.249998522579156,0.248786096958567,0.999999974679707
4.43909653139217e-08,0.498750471747422,0.251251089852259,0.24999843840032,0.24999843840032,0.248752033347102,0.99999997397025
4.56371628192476e-08,0.498715363723269,0.251286286853789,0.249998349422943,0.249998349422943,0.248717014300326,0.999999973240954
4.6918345106078e-08,0.498679268418184,0.251322476208511,0.249998255373304,0.249998255373304,0.24868101304488,0.999999972491267
4.82354943100147e-08,0.498642158020707,0.251359686017238,0.249998155962055,0.249998155962055,0.248644002058653,0.99999997172062
4.95896201383721e-08,0.498604003933251,0.251397945183429,0.249998050883321,0.249998050883321,0.24860595304993,0.999999970928431
5.09817606442043e-08,0.498564776749731,0.251437283436507,0.249997939813762,0.249997939813762,0.248566836935969,0.9999999701141
5.24129830220606e-08,0.498524446232556,0.251477731355874,0.24999782241157,0.24999782241157,0.248526623820985,0.999999969277011
5.38843844260822e-08,0.498482981288944,0.251519320395641,0.249997698315415,0.249997698315415,0.248485282973528,0.999999968416531
5.5397092811064e-08,0.498440349946565,0.25156208291011,0.249997567143325,0.249997567143325,0.24844278280324,0.999999967532009
5.69522677971282e-08,0.498396519328475,0.251606052180017,0.249997428491508,0.249997428491508,0.248399090836967,0.999999966622776
5.85511015586724e-08,0.498351455627326,0.251651262439573,0.249997281933101,0.249997281933101,0.248354173694225,0.999999965688147
6.01948197382727e-08,0.498305124078833,0.251697748904316,0.249997127016851,0.249997127016851,0.248307997061982,0.999999964727416
6.18846823862438e-08,0.49825748893447,0.251745547799811,0.249996963265719,0.249996963265719,0.24826052566875,0.999999963739857
6.3621984926575e-08,0.498208513433376,0.251794696391221,0.249996790175403,0.249996790175403,0.248211723257973,0.999999962724725
6.54080591499826e-08,0.498158159773451,0.251845233013773,0.249996607212777,0.249996607212777,0.248161552560674,0.999999961681256
6.72442742348425e-08,0.498106389081606,0.251897197104155,0.249996413814239,0.249996413814239,0.248109975267367,0.999999960608663
6.91320377967813e-08,0.498053161383157,0.251950629232873,0.24999620938397,0.24999620938397,0.248056951999187,0.999999959506137
7.10727969677341e-08,0.497998435570326,0.252005571137591,0.249995993292083,0.249995993292083,0.248002442278243,0.999999958372848
7.30680395052951e-08,0.497942169369826,0.252062065757499,0.249995764872675,0.249995764872675,0.247946404497151,0.999999957207945
7.51192949332097e-08,0.497884319309505,0.252120157268735,0.249995523421759,0.249995523421759,0.247888795887746,0.999999956010551
7.72281357138864e-08,0.49782484068402,0.252179891120893,0.249995268195088,0.249995268195088,0.247829572488932,0.999999954779765
7.93961784538228e-08,0.497763687519502,0.25224131407466,0.249994998405839,0.249994998405839,0.247768689113663,0.999999953514664
8.16250851428724e-08,0.497700812537204,0.252304474240619,0.249994713222177,0.249994713222178,0.247706099315026,0.999999952214297
8.39165644283016e-08,0.497636167116077,0.252369421119248,0.249994411764675,0.249994411764675,0.247641755351401,0.999999950877688
8.62723729246145e-08,0.497569701254256,0.252436205642164,0.24999409310358,0.24999409310358,0.247575608150676,0.999999949503835
8.8694316560147e-08,0.497501363529421,0.252504880214652,0.249993756255927,0.249993756255927,0.247507607273495,0.999999948091709
9.11842519614656e-08,0.497431101057997,0.252575498759515,0.249993400182488,0.249993400182488,0.247437700875509,0.999999946640252
9.374408787663e-08,0.497358859453154,0.252648116762303,0.249993023784543,0.249993023784543,0.247365835668611,0.999999945148377
9.63757866384109e-08,0.497284582781583,0.252722791317955,0.249992625900462,0.249992625900462,0.247291956881122,0.99999994361497
9.90813656685867e-08,0.497208213519001,0.252799581178903,0.249992205302095,0.249992205302095,0.247216008216906,0.999999942038883
1.01862899024469e-07,0.497129692504343,0.252878546804703,0.249991760690954,0.249991760690954,0.247137931813388,0.99999994041894
1.04722518988844e-07,0.497048958892611,0.25295975041322,0.249991290694169,0.249991290694169,0.247057668198442,0.999999938753931
1.07662417704549e-07,0.49696595010634,0.253043256033443,0.249990793860217,0.249990793860217,0.246975156246123,0.999999937042616
1.10684848854941e-07,0.496880601785623,0.253129129559976,0.249990268654401,0.249990268654401,0.246890333131221,0.999999935283719
1.13792129391531e-07,0.496792847736669,0.25321743880926,0.249989713454071,0.249989713454071,0.246803134282598,0.999999933475931
1.16986641310131e-07,0.496702619878842,0.253308253577593,0.249989126543565,0.249989126543565,0.246713493335277,0.999999931617906
1.20270833476851e-07,0.49660984819013,0.253401645701008,0.249988506108862,0.249988506108862,0.246621342081269,0.999999929708264
1.23647223505371e-07,0.496514460651008,0.25349768911707,0.249987850231922,0.249987850231922,0.246526610419086,0.999999927745589
1.27118399686903e-07,0.496416383186626,0.25359645992867,0.249987156884705,0.249987156884705,0.246429226301921,0.999999925728422
1.30687022974335e-07,0.496315539607297,0.253698036469868,0.249986423922835,0.249986423922835,0.246329115684462,0.999999923655269
1.34355829022083e-07,0.496211851547212,0.25380249937388,0.249985649078908,0.249985649078908,0.246226202468304,0.999999921524596
1.38127630283201e-07,0.496105238401328,0.253909931643268,0.249984829955404,0.249984829955404,0.246120408445925,0.999999919334826
1.42005318165368e-07,0.495995617260393,0.254020418722416,0.249983964017191,0.249983964017192,0.246011653243202,0.999999917084342
1.45991865247398e-07,0.495882902844021,0.254134048572375,0.249983048583604,0.249983048583604,0.245899854260417,0.999999914771482
1.50090327557974e-07,0.495767007431784,0.254250911748169,0.249982080820047,0.249982080820047,0.245784926611737,0.999999912394542
1.54303846918356e-07,0.495647840792243,0.254371101478632,0.249981057729126,0.249981057729126,0.245666783063117,0.999999909951771
1.58635653350859e-07,0.495525310109856,0.254494713748885,0.249979976141258,0.249979976141258,0.245545333968598,0.999999907441373
1.63089067554933e-07,0.495399319909711,0.254621847385549,0.24997883270474,0.24997883270474,0.245420487204971,0.999999904861503
1.6766750345277e-07,0.495269771979993,0.254752604144772,0.249977623875235,0.249977623875235,0.245292148104758,0.999999902210269
1.72374470806362e-07,0.495136565292136,0.254887088803206,0.249976345904658,0.249976345904658,0.245160219387478,0.999999899485728
1.77213577908036e-07,0.494999595918582,0.25502540925201,0.249974994829409,0.249974994829408,0.245024601089173,0.999999896685887
1.82188534346517e-07,0.494858756948064,0.255167676594016,0.24997356645792,0.24997356645792,0.244885190490143,0.999999893808699
1.87303153850643e-07,0.494713938398348,0.25531400524416,0.249972056357492,0.249972056357492,0.244741882040855,0.999999890852065
1.9256135721292e-07,0.494565027126349,0.255464513033302,0.249970459840348,0.249970459840348,0.244594567286001,0.999999887813831
1.97967175295133e-07,0.494411906735544,0.255619321315568,0.249968771948888,0.249968771948888,0.244443134786656,0.999999884691786
2.03524752118358e-07,0.494254457480586,0.255778555079334,0.24996698744008,0.24996698744008,0.244287470040506,0.999999881483663
2.09238348039698e-07,0.494092556169051,0.255942343062004,0.249965100768945,0.249965100768945,0.244127455400107,0.999999878187136
2.15112343018217e-07,0.493926076060216,0.256110817868707,0.249963106071076,0.249963106071076,0.24396296998914,0.999999874799817
2.21151239972549e-07,0.493754886760774,0.256284116095082,0.249960997144144,0.249960997144144,0.24379388961663,0.999999871319259
2.27359668232772e-07,0.493578854117401,0.256462378454282,0.249958767428317,0.249958767428317,0.243620086689084,0.99999986774295
2.33742387089181e-07,0.493397840106076,0.256645749908379,0.249956409985545,0.249956409985545,0.243441430120531,0.999999864068315
2.40304289440697e-07,0.493211702718038,0.256834379804329,0.249953917477633,0.249953917477633,0.243257785240405,0.999999860292714
2.47050405545683e-07,0.493020295842302,0.25702842201467,0.249951282143028,0.249951282143028,0.243069013699273,0.999999856413436
2.53985906878073e-07,0.492823469144601,0.257228035083138,0.24994849577226,0.24994849577226,0.242874973372341,0.999999852427706
2.61116110091746e-07,0.492621067942672,0.257433382375389,0.249945549681939,0.249945549681939,0.242675518260733,0.999999848332675
2.68446481096197e-07,0.492412933077741,0.257644632235027,0.249942434687232,0.249942434687232,0.242470498390508,0.999999844125424
2.75982639246618e-07,0.49219890078212,0.257861958145142,0.249939141072738,0.249939141072738,0.242259759709382,0.999999839802962
2.83730361651621e-07,0.491978802542785,0.258085538895573,0.249935658561642,0.249935658561642,0.242043143981143,0.999999835362219
2.91695587601879e-07,0.491752464960803,0.258315558756117,0.24993197628308,0.24993197628308,0.241820488677723,0.999999830800053
2.99884423123102e-07,0.491519709606503,0.258552207655919,0.249928082737578,0.249928082737578,0.241591626868924,0.999999826113241
3.08303145656828e-07,0.491280352870239,0.258795681369287,0.249923965760474,0.249923965760474,0.241356387109766,0.999999821298481
3.16958208872612e-07,0.491034205808638,0.259046181708177,0.249919612483184,0.249919612483184,0.241114593325454,0.999999816352392
3.25856247615323e-07,0.490781073986169,0.259303916721622,0.24991500929221,0.24991500929221,0.240866064693959,0.999999811271506
3.35004082991314e-07,0.490520757311915,0.259569100902362,0.249910141785723,0.249910141785723,0.240610615526192,0.999999806052273
3.44408727597382e-07,0.490253049871402,0.259841955400985,0.249904994727613,0.249904994727613,0.240348055143789,0.999999800691058
3.54077390896527e-07,0.489977739753331,0.260122708247842,0.249899551998827,0.249899551998827,0.240078187754503,0.999999795184136
3.64017484744614e-07,0.48969460887107,0.260411594583077,0.249893796545853,0.249893796545853,0.239800812325218,0.999999789527694
3.74236629072198e-07,0.489403432778761,0.260708856895073,0.249887710326166,0.249887710326166,0.239515722452595,0.999999783717827
3.84742657725851e-07,0.489103980481869,0.261014745267654,0.249881274250477,0.249881274250477,0.239222706231392,0.999999777750539
3.9554362447347e-07,0.488796014242039,0.261329517636391,0.24987446812157,0.24987446812157,0.238921546120469,0.999999771621739
4.06647809178186e-07,0.488479289376082,0.261653440054372,0.249867270569545,0.249867270569545,0.238612018806537,0.999999765327239
4.18063724145576e-07,0.488153554048938,0.261986786967817,0.249859658983245,0.249859658983245,0.238293895065693,0.999999758862755
4.2980012064908e-07,0.487818549060446,0.262329841501914,0.24985160943764,0.24985160943764,0.237966939622806,0.999999752223905
4.41865995638594e-07,0.487474007625762,0.262682895757299,0.249843096616939,0.249843096616939,0.237630911008822,0.999999745406205
4.54270598637404e-07,0.487119655149246,0.263046251117595,0.249834093733159,0.249834093733159,0.237285561416087,0.999999738405069
4.67023438832733e-07,0.486755208991665,0.263420218568435,0.2498245724399,0.2498245724399,0.236930636551765,0.99999973121581
4.80134292365345e-07,0.486380378230525,0.263805119028443,0.249814502741033,0.249814502741032,0.236565875489492,0.999999723833633
4.93613209823792e-07,0.485994863413374,0.264201283692627,0.249803852893999,0.249803852894,0.236191010519374,0.99999971625364
5.07470523949047e-07,0.485598356303911,0.264609054388675,0.249792589307414,0.249792589307414,0.235805766996497,0.999999708470823
5.21716857555435e-07,0.485190539620718,0.265028783946666,0.249780676432616,0.249780676432616,0.235409863188103,0.999999700480067
5.36363131673925e-07,0.48477108676847,0.265460836582698,0.249768076648832,0.249768076648832,0.235003010119638,0.999999692276146
5.5142057392403e-07,0.484339661561439,0.265905588296998,0.249754750141563,0.249754750141563,0.234584911419876,0.999999683853726
5.66900727120743e-07,0.483895917939156,0.266363427287048,0.249740654773796,0.249740654773796,0.23415526316536,0.999999675207358
5.82815458123084e-07,0.483439499674063,0.26683475437631,0.249725745949626,0.249725745949626,0.233713753724437,0.999999666331481
5.99176966931061e-07,0.48297004007102,0.267319983459144,0.249709976469836,0.249709976469836,0.233260063601184,0.999999657220422
6.15997796038017e-07,0.482487161658514,0.26781954196252,0.249693296378966,0.249693296378966,0.232793865279547,0.999999647868391
6.33290840045511e-07,0.481990475871465,0.268333871325155,0.24967565280338,0.24967565280338,0.232314823068084,0.999999638269486
6.51069355548147e-07,0.481479582725494,0.26886342749471,0.249656989779796,0.249656989779796,0.231822592945697,0.999999628417688
6.69346971295867e-07,0.480954070482559,0.269408681443711,0.24963724807373,0.24963724807373,0.231316822408829,0.999999618306865
6.88137698641567e-07,0.480413515307879,0.26997011970485,0.249616364987271,0.249616364987271,0.230797150320608,0.999999607930767
7.07455942281988e-07,0.479857480918062,0.27054824492637,0.249594274155568,0.249594274155568,0.230263206762495,0.99999959728303
7.27316511300145e-07,0.479285518220421,0.271143576448205,0.249570905331374,0.249570905331374,0.229714612889048,0.999999586357174
7.47734630517758e-07,0.478697164943432,0.271756650899594,0.249546184156974,0.249546184156974,0.229150980786457,0.999999575146607
7.68725952166374e-07,0.478091945258358,0.272388022818874,0.249520031922768,0.249520031922768,0.22857191333559,0.999999563644622
7.90306567886135e-07,0.477469369392093,0.273038265296166,0.249492365311742,0.249492365311742,0.227977004080351,0.999999551844398
8.12493021061405e-07,0.476828933231277,0.273707970639669,0.249463096129054,0.249463096129054,0.227365837102223,0.999999539739005
8.35302319502679e-07,0.476170117917848,0.274397751066279,0.249432131015873,0.249432131015873,0.226737986901974,0.999999527321404
8.58751948484518e-07,0.47549238943617,0.275108239417228,0.249399371146603,0.249399371146603,0.226093018289567,0.999999514584447
8.82859884149515e-07,0.474795198191989,0.275840089899443,0.249364711908568,0.249364711908568,0.22543048628342,0.999999501520882
9.07644607288536e-07,0.474077978583499,0.276593978853299,0.249328042563202,0.249328042563202,0.224749936020297,0.999999488123352
9.33125117507824e-07,0.473340148564885,0.277370605547402,0.249289245887714,0.249289245887714,0.224050902677171,0.999999474384405
9.59320947793823e-07,0.472581109202777,0.278170693001028,0.249248197796195,0.249248197796195,0.223332911406582,0.999999460296491
9.86252179486878e-07,0.471800244226157,0.278994988834782,0.249204766939061,0.249204766939061,0.222595477287096,0.999999445851969
1.01393945767529e-06,0.470996919570338,0.279844266149985,0.249158814279677,0.249158814279677,0.221838105290661,0.99999943104311
1.04240400702156e-06,0.470170482915755,0.280719324437255,0.249110192646991,0.249110192646991,0.221060290268764,0.999999415862106
1.07166764803286e-06,0.469320263222438,0.281620990514634,0.249058746262927,0.249058746262927,0.220261516959511,0.99999940030107
1.10175281378839e-06,0.468445570261167,0.282550119495552,0.24900431024328,0.24900431024328,0.219441260017887,0.999999384352049
1.13268256713615e-06,0.46754569414246,0.283507595786766,0.248946710070774,0.248946710070774,0.218598984071686,0.999999368007026
1.16448061837269e-06,0.466619904844726,0.284494334116322,0.248885761038953,0.248885761038953,0.217734143805773,0.999999351257928
1.19717134341897e-06,0.465667451743103,0.285511280591397,0.2488212676655,0.248821267665501,0.216846184077602,0.999999334096638
1.23077980250667e-06,0.464687563140705,0.286559413785711,0.248753023073584,0.248753023073584,0.215934540067122,0.999999316515002
1.26533175938894e-06,0.463679445804249,0.287639745855981,0.24868080833977,0.24868080833977,0.214998637464479,0.99999929850484
1.30085370109057e-06,0.462642284506277,0.288753323686648,0.248604391807075,0.248604391807075,0.214037892699201,0.999999280057959
1.3373728582125e-06,0.461575241576493,0.289901230061833,0.248523528361674,0.248523528361674,0.213051713214818,0.99999926116616
1.37491722580642e-06,0.460477456465051,0.291084584863127,0.248437958671822,0.248437958671822,0.212039497793229,0.999999241821257
1.4135155848354e-06,0.459348045320958,0.292304546291497,0.248347408387545,0.248347408387545,0.211000636933413,0.999999222015091
1.4531975242369e-06,0.458186100589177,0.293562312111119,0.248251587299705,0.248251587299704,0.209934513289472,0.999999201739542
1.49399346360526e-06,0.456990690630421,0.294859120912503,0.248150188457076,0.248150188457076,0.208840502173345,0.99999918098655
1.5359346765109e-06,0.455760859368109,0.296196253391721,0.248042887240171,0.248042887240171,0.207717972127938,0.99999915974813
1.57905331447418e-06,0.454495625967455,0.297575033641922,0.247929340390623,0.247929340390623,0.206566285576832,0.999999138016396
1.62338243161228e-06,0.453193984552254,0.298996830452648,0.247809184995099,0.247809184995099,0.205384799557155,0.999999115783579
1.66895600997803e-06,0.451854903965524,0.300463058611636,0.247682037422841,0.247682037422841,0.204172866542683,0.999999093042051
1.71580898561001e-06,0.450477327580853,0.301975180202967,0.247547492216179,0.247547492216179,0.202929835364674,0.99999906978435
1.76397727531405e-06,0.449060173172051,0.303534705894374,0.247405120933575,0.247405120933575,0.201655052238476,0.999999046003208
1.8134978041965e-06,0.44760233284948,0.305143196205439,0.247254470945081,0.247254470945081,0.2003478619044,0.999999021691577
1.86440853397049e-06,0.446102673072367,0.306802262747179,0.247095064180454,0.247095064180454,0.199007608891913,0.999998996842659
1.91674849205681e-06,0.444560034747297,0.308513569422097,0.246926395830607,0.246926395830607,0.19763363891669,0.999998971449944
1.9705578015018e-06,0.442973233424162,0.310278833572273,0.246747933003565,0.246747933003565,0.196225300420597,0.999998945507235
2.02587771173502e-06,0.441341059601935,0.312099827061334,0.246559113336731,0.246559113336731,0.194781946265204,0.999998919008696
2.08275063019052e-06,0.439662279157814,0.313978377274257,0.246359343567928,0.246359343567928,0.193302935589886,0.999998891948883
2.14122015481573e-06,0.437935633914614,0.315916368016866,0.246147998068519,0.24614799806852,0.191787635846095,0.999998864322788
2.20133110749303e-06,0.436159842362593,0.317915740294574,0.245924417342833,0.245924417342833,0.19023542501976,0.999998836125886
2.26312956839953e-06,0.434333600553405,0.319978492947404,0.24568790649919,0.24568790649919,0.188645694054215,0.999998807354179
2.32666291133146e-06,0.432455583185371,0.322106683115557,0.245437733699072,0.245437733699072,0.187017849486299,0.999998778004244
2.39197984002024e-06,0.430524444900898,0.324302426506752,0.24517312859235,0.24517312859235,0.185351316308549,0.999998748073289
2.45913042546804e-06,0.428538821818548,0.326567897433353,0.244893280748099,0.244893280748099,0.183645541070449,0.999998717559206
2.5281661443315e-06,0.426497333324007,0.328905328583699,0.244597338092295,0.244597338092295,0.181899995231712,0.999998686460629
2.59913991838293e-06,0.424398584145987,0.331317010488312,0.244284405365701,0.244284405365701,0.180114178780286,0.999998654776993
2.67210615507944e-06,0.422241166744897,0.333805290637589,0.243953542617514,0.243953542617514,0.178287624127383,0.999998622508598
2.74712078927081e-06,0.420023664043915,0.336372572203277,0.243603763752807,0.243603763752807,0.176419900291108,0.999998589656675
2.82424132607844e-06,0.417744652533851,0.339021312311553,0.243234035154596,0.243234035154596,0.174510617379256,0.999998556223455
2.90352688497781e-06,0.415402705784848,0.341754019810783,0.242843274404368,0.242843274404368,0.17255943138048,0.999998522212238
2.98503824511873e-06,0.41299639839951,0.344573252472237,0.242430349128253,0.242430349128253,0.170566049271258,0.999998487627467
3.06883789191764e-06,0.410524310443338,0.347481613557087,0.241994075999575,0.241994075999575,0.168530234443764,0.999998452474802
3.15499006495809e-06,0.407985032389413,0.350481747678142,0.241533219932445,0.241533219932445,0.166451812456969,0.999998416761198
3.24356080723581e-06,0.405377170614896,0.353576335879979,0.241046493505126,0.241046493505126,0.16433067710977,0.999998380494982
3.33461801578637e-06,0.402699353487081,0.35676808985663,0.240532556656289,0.240532556656289,0.162166796830792,0.999998343685932
3.42823149373397e-06,0.399950238076299,0.360059745221906,0.239990016701795,0.239990016701795,0.159960221374504,0.999998306345357
3.52447300380159e-06,0.397128517531706,0.36345405374401,0.239417428724283,0.239417428724283,0.157711088807423,0.999998268486173
3.62341632332315e-06,0.394232929153904,0.366953774453566,0.23881329639253,0.23881329639253,0.155419632761374,0.999998230122988
3.72513730080021e-06,0.391262263195029,0.370561663532835,0.238176073272136,0.238176073272136,0.153086189922893,0.99999819127217
3.82971391404628e-06,0.388215372412409,0.374280462894116,0.237504164693475,0.237504164693475,0.150711207718934,0.999998151951924
3.93722632996347e-06,0.385091182395786,0.378112887357399,0.236795930246815,0.236795930246815,0.148295252148971,0.999998112182362
4.04775696599732e-06,0.381888702680241,0.38206161034188,0.23604968697788,0.23604968697788,0.145839015702361,0.999998071985568
4.16139055331671e-06,0.378607038647138,0.386129247993227,0.235263713359635,0.235263713359635,0.143343325287503,0.999998031385654
4.27821420176762e-06,0.375245404203354,0.390318341679241,0.234436254117404,0.234436254117404,0.14080915008595,0.99999799040881
4.39831746665023e-06,0.37180313521458,0.394631338801128,0.233565525984292,0.233565525984292,0.138237609230288,0.999997949083348
4.5217924173707e-06,0.368279703651406,0.399070571886758,0.232649724461836,0.232649724461836,0.13562997918957,0.999997907439729
4.64873370802026e-06,0.364674732387106,0.403638235956368,0.231687031656526,0.231687031656526,0.13298770073058,0.999997865510577
4.7792386499356e-06,0.360988010563387,0.408336364180815,0.230675625255798,0.230675625255798,0.130312385307589,0.999997823330688
4.91340728629636e-06,0.357219509415026,0.413166801888062,0.229613688696912,0.229613688696912,0.127605820718114,0.999997780937003
5.05134246881677e-06,0.353369398416307,0.418131179015323,0.228499422568371,0.228499422568371,0.124869975847936,0.999997738368588
5.19314993659021e-06,0.34943806158193,0.423230881152322,0.227331057265748,0.227331057265748,0.122107004316182,0.999997695666566
5.33893839714736e-06,0.345426113722998,0.428467019375261,0.22610686690174,0.22610686690174,0.119319246821258,0.999997652874046
