1e-09,0.499972000581285,0.25002800019837,0.499999998440689,0.249972001360941,0.999999999587525
1.02807322383086e-09,0.499971211053406,0.250028789770954,0.49999999835128,0.249971211877766,0.999999999575947
1.05693455355799e-09,0.499970399361801,0.250029601509818,0.499999998256762,0.24997040023342,0.999999999564043
1.0866061138546e-09,0.499969564884311,0.250030436037267,0.499999998156843,0.24996956580589,0.999999999551805
1.11711065050482e-09,0.499968706981316,0.250031293993076,0.499999998051215,0.249968707955709,0.999999999539223
1.14847154784029e-09,0.499967824995243,0.250032176034981,0.499999997939554,0.249967826025466,0.999999999526289
1.18071284666619e-09,0.499966918250058,0.250033082839185,0.499999997821513,0.249966919339301,0.999999999512991
1.21385926269063e-09,0.499965986050756,0.250034015100879,0.499999997696731,0.249965987202391,0.99999999949932
1.24793620547131e-09,0.499965027682823,0.250034973534766,0.499999997564822,0.249965028900412,0.999999999485266
1.28296979789415e-09,0.499964042411689,0.250035958875621,0.49999999742538,0.249964043699,0.999999999470816
1.31898689619867e-09,0.499963029482169,0.250036971878843,0.499999997277975,0.249963030843181,0.999999999455962
1.35601511056563e-09,0.499961988117878,0.250038013321045,0.499999997122154,0.249961989556801,0.99999999944069
1.39408282628258e-09,0.499960917520642,0.250039084000639,0.499999996957437,0.249960919041924,0.99999999942499
1.43321922550358e-09,0.499959816869885,0.250040184738457,0.499999996783316,0.249959818478227,0.999999999408849
1.47345430961984e-09,0.499958685321997,0.250041316378375,0.499999996599256,0.249958687022369,0.999999999392255
1.51481892225835e-09,0.499957522009693,0.250042479787963,0.49999999640469,0.249957523807348,0.999999999375195
1.55734477292614e-09,0.499956326041344,0.250043675859147,0.499999996199018,0.249956327941835,0.999999999357657
1.60106446131832e-09,0.499955096500297,0.250044905508899,0.499999995981609,0.249955098509492,0.999999999339626
1.64601150230855e-09,0.499953832444171,0.250046169679933,0.499999995751792,0.249953834568275,0.999999999321089
1.69222035164104e-09,0.499952532904137,0.250047469341432,0.499999995508861,0.249952535149707,0.999999999302031
1.7397264323438e-09,0.499951196884174,0.250048805489792,0.499999995252068,0.24995119925814,0.999999999282439
1.78856616188346e-09,0.499949823360306,0.250050179149382,0.499999994980624,0.249949825869994,0.999999999262297
1.83877698008233e-09,0.499948411279819,0.250051591373335,0.499999994693693,0.249948413932973,0.99999999924159
1.89039737781922e-09,0.499946959560454,0.25005304324435,0.499999994390392,0.249946962365258,0.999999999220301
1.94346692653602e-09,0.499945467089577,0.250054535875528,0.499999994069789,0.249945470054682,0.999999999198415
1.99802630857255e-09,0.49994393272333,0.250056070411221,0.499999993730898,0.249943935857881,0.999999999175915
2.05411734835306e-09,0.49994235528575,0.250057648027912,0.499999993372677,0.249942358599411,0.999999999152783
2.11178304444824e-09,0.499940733567873,0.250059269935116,0.499999992994023,0.249940737070861,0.999999999129002
2.17106760253726e-09,0.499939066326806,0.250060937376308,0.499999992593774,0.249939070029919,0.999999999104554
2.23201646929523e-09,0.499937352284773,0.250062651629878,0.499999992170697,0.249937356199424,0.999999999079419
2.29467636723194e-09,0.499935590128142,0.250064414010111,0.499999991723494,0.249935594266395,0.999999999053579
2.35909533050864e-09,0.499933778506413,0.250066225868193,0.499999991250788,0.249933782881019,0.999999999027014
2.42532274176036e-09,0.499931916031187,0.250068088593249,0.499999990751127,0.249931920655623,0.999999998999703
2.49340936995188e-09,0.499930001275103,0.250070003613409,0.499999990222976,0.249930006163615,0.999999998971626
2.56340740929651e-09,0.499928032770744,0.250071972396901,0.499999989664711,0.249928037938388,0.99999999894276
2.63537051926739e-09,0.499926009009512,0.25007399645318,0.499999989074616,0.249926014472204,0.999999998913085
2.70935386573205e-09,0.499923928440476,0.250076077334085,0.499999988450878,0.249923934215037,0.999999998882577
2.78541416324176e-09,0.499921789469183,0.250078216635027,0.499999987791581,0.249921795573393,0.999999998851213
2.86360971850811e-09,0.499919590456435,0.250080415996216,0.499999987094698,0.249919596909086,0.999999998818968
2.94400047510004e-09,0.499917329717039,0.250082677103916,0.499999986358089,0.249917336537994,0.999999998785819
3.0266480593957e-09,0.499915005518511,0.250085001691743,0.499999985579491,0.249915012728766,0.999999998751739
3.11161582782436e-09,0.499912616079754,0.25008739154199,0.499999984756512,0.249912623701498,0.999999998716703
3.19896891543454e-09,0.499910159569693,0.250089848486995,0.499999983886623,0.249910167626381,0.999999998680684
3.28877428582551e-09,0.499907634105872,0.250092374410551,0.499999982967154,0.249907642622295,0.999999998643654
3.38110078248068e-09,0.499905037753016,0.250094971249345,0.499999981995279,0.249905046755377,0.999999998605585
3.47601918154197e-09,0.499902368521546,0.250097640994447,0.499999980968013,0.249902378037539,0.999999998566447
3.57360224606578e-09,0.499899624366059,0.25010038569284,0.499999979882203,0.249899634424957,0.999999998526212
3.67392478180208e-09,0.499896803183761,0.250103207448983,0.499999978734513,0.249896813816505,0.999999998484847
3.77706369453937e-09,0.499893902812858,0.250106108426432,0.499999977521418,0.249893914052149,0.999999998442322
3.88309804905961e-09,0.499890921030903,0.2501090908495,0.499999976239195,0.249890932911305,0.999999998398603
3.99210912974805e-09,0.49988785555309,0.250112157004958,0.499999974883905,0.249887868111137,0.999999998353658
4.10418050290471e-09,0.499884704030512,0.250115309243794,0.499999973451387,0.249884717304819,0.999999998307451
4.21939808080502e-09,0.499881464048362,0.250118549983016,0.499999971937244,0.24988147807974,0.999999998259948
4.33785018755898e-09,0.49987813312408,0.250121881707506,0.499999970336826,0.249878147955667,0.999999998211113
4.45962762681909e-09,0.499874708705462,0.250125306971928,0.499999968645221,0.249874724382851,0.999999998160906
4.58482375138911e-09,0.499871188168698,0.250128828402685,0.499999966857234,0.249871204740081,0.999999998109292
4.71353453478692e-09,0.499867568816373,0.250132448699937,0.499999964967379,0.249867586332684,0.999999998056229
4.8458586448165e-09,0.499863847875399,0.250136170639674,0.499999962969853,0.249863866390473,0.999999998001677
4.98189751920517e-09,0.499860022494895,0.250139997075843,0.499999960858525,0.249860042065632,0.999999997945595
5.12175544336424e-09,0.499856089744003,0.25014393094254,0.499999958626915,0.249856110430546,0.999999997887939
5.26553963033276e-09,0.499852046609652,0.250147975256261,0.499999956268173,0.249852068475566,0.999999997828666
5.41336030296538e-09,0.499847889994251,0.250152133118219,0.499999953775061,0.24984791310672,0.99999999776773
5.56533077842764e-09,0.499843616713316,0.250156407716721,0.499999951139927,0.249843641143352,0.999999997705084
5.72156755506324e-09,0.499839223493041,0.250160802329617,0.499999948354684,0.249839249315699,0.999999997640681
5.88219040169997e-09,0.499834706967792,0.250165320326816,0.499999945410786,0.249834734262399,0.999999997574472
6.04732244946265e-09,0.499830063677531,0.25016996517287,0.499999942299197,0.249830092527933,0.999999997506404
6.21709028616383e-09,0.499825290065176,0.250174740429638,0.499999939010371,0.249825320559991,0.999999997436428
6.39162405334401e-09,0.499820382473878,0.250179649759014,0.499999935534216,0.249820414706769,0.999999997364488
6.57105754603627e-09,0.499815337144222,0.250184696925744,0.499999931860067,0.249815371214189,0.999999997290531
6.75552831533164e-09,0.499810150211363,0.250189885800312,0.49999992797665,0.249810186223038,0.999999997214499
6.94517777382369e-09,0.499804817702063,0.250195220361912,0.499999923872051,0.249804855766038,0.999999997136334
7.14015130401339e-09,0.499799335531658,0.250200704701504,0.499999919533677,0.249799375764819,0.999999997055977
7.3405983697572e-09,0.499793699500936,0.250206343024954,0.499999914948219,0.249793742026827,0.999999996973366
7.5466726308439e-09,0.49978790529293,0.250212139656265,0.49999991010161,0.249787950242125,0.999999996888438
7.75853206078784e-09,0.499781948469616,0.250218099040893,0.499999904978982,0.249781995980125,0.999999996801128
7.97633906792928e-09,0.499775824468526,0.250224225749163,0.499999899564622,0.249775874686214,0.999999996711369
8.20026061993413e-09,0.499769528599258,0.250230524479781,0.499999893841923,0.249769581678297,0.999999996619093
8.43046837178897e-09,0.499763056039899,0.250237000063436,0.499999887793329,0.249763112143235,0.999999996524229
8.66713879738922e-09,0.499756401833339,0.250243657466515,0.499999881400291,0.249756461133194,0.999999996426705
8.9104533248215e-09,0.499749560883484,0.250250501794917,0.499999874643199,0.249749623561885,0.999999996326446
9.16059847544369e-09,0.499742527951367,0.250257538297968,0.49999986750133,0.249742594200702,0.999999996223376
9.41776600686954e-09,0.499735297651148,0.250264772372462,0.49999985995278,0.249735367674758,0.999999996117415
9.6821530599671e-09,0.499727864445999,0.250272209566801,0.499999851974401,0.249727938458798,0.999999996008483
9.95396230998424e-09,0.499720222643881,0.250279855585256,0.499999843541725,0.249720300873019,0.999999995896497
1.02334021219164e-08,0.4997123663932,0.250287716292353,0.499999834628893,0.249712449078754,0.999999995781371
1.05206867102362e-08,0.499704289678337,0.250295797717375,0.499999825208575,0.24970437707405,0.999999995663016
1.08160363031071e-08,0.499695986315061,0.250304106058996,0.499999815251885,0.249696078689119,0.999999995541344
1.1119677311207e-08,0.499687449945811,0.250312647690043,0.499999804728293,0.249687547581664,0.999999995416261
1.14318425012915e-08,0.499678674034842,0.250321429162391,0.499999793605533,0.249678777232076,0.999999995287671
1.17527711746295e-08,0.499669651863247,0.250330457212002,0.499999781849503,0.249669760938496,0.999999995155476
1.20827093504478e-08,0.499660376523824,0.250339738764096,0.499999769424159,0.249660491811744,0.999999995019575
1.24219099545262e-08,0.499650840915817,0.250349280938479,0.499999756291409,0.249650962770112,0.999999994879865
1.27706330130864e-08,0.499641037739496,0.250359091055007,0.499999742410993,0.249641166534,0.999999994736239
1.31291458521247e-08,0.499630959490598,0.250369176639223,0.499999727740358,0.24963109562042,0.999999994588587
1.34977233023394e-08,0.499620598454603,0.250379545428131,0.499999712234532,0.249620742337336,0.999999994436797
1.38766479098131e-08,0.499609946700855,0.250390205376152,0.499999695845987,0.249610098777861,0.999999994280753
1.42662101526074e-08,0.499598996076523,0.250401164661234,0.499999678524486,0.24959915681428,0.999999994120336
1.46667086634397e-08,0.499587738200388,0.250412431691142,0.499999660216939,0.249587908091918,0.999999993955424
1.50784504586105e-08,0.499576164456459,0.250424015109924,0.499999640867233,0.249576344022842,0.99999999378589
1.55017511733577e-08,0.499564265987412,0.250435923804556,0.499999620416065,0.24956445577938,0.999999993611606
1.59369353038178e-08,0.499552033687847,0.250448166911775,0.499999598800756,0.249552234287469,0.999999993432438
1.63843364557798e-08,0.499539458197356,0.250460753825112,0.499999575955065,0.249539670219824,0.999999993248251
1.68442976004231e-08,0.499526529893399,0.250473694202111,0.499999551808981,0.249526753988909,0.999999993058904
1.73171713372335e-08,0.499513238883983,0.250486997971761,0.499999526288512,0.249513475739726,0.999999992864252
1.78033201643011e-08,0.499499575000134,0.250500675342137,0.499999499315459,0.249499825342404,0.999999992664147
1.83031167562061e-08,0.499485527788166,0.250514736808247,0.499999470807173,0.249485792384579,0.999999992458438
1.88169442497056e-08,0.49947108650173,0.250529193160116,0.499999440676306,0.249471366163577,0.999999992246966
1.93451965374404e-08,0.499456240093645,0.250544055491083,0.499999408830543,0.249456535678374,0.999999992029572
1.98882785698881e-08,0.499440977207499,0.250559335206342,0.499999375172318,0.24944128962134,0.999999991806089
2.04466066657912e-08,0.499425286169023,0.250575044031718,0.499999339598519,0.249425616369763,0.999999991576349
2.10206088313016e-08,0.499409154977219,0.250591194022697,0.499999302000168,0.249409503977135,0.999999991340175
2.16107250880838e-08,0.499392571295248,0.250607797573705,0.499999262262093,0.249392940164202,0.999999991097388
2.22174078106288e-08,0.499375522441064,0.25062486742765,0.499999220262572,0.249375912309778,0.999999990847804
2.28411220730383e-08,0.49935799537778,0.250642416685738,0.499999175872963,0.249358407441299,0.999999990591232
2.34823460055428e-08,0.499339976703786,0.250660458817559,0.49999912895731,0.249340412225131,0.999999990327478
2.41415711610302e-08,0.499321452642571,0.250679007671465,0.499999079371928,0.249321912956608,0.999999990056342
2.48193028918626e-08,0.499302409032285,0.250698077485234,0.499999026964962,0.249302895549803,0.999999989777616
2.55160607372719e-08,0.499282831314991,0.250717682897045,0.499998971575928,0.249283345527027,0.99999998949109
2.62323788216312e-08,0.499262704525642,0.250737838956749,0.499998913035217,0.249263248008034,0.999999989196546
2.69688062639069e-08,0.499242013280735,0.250758561137475,0.49999885116358,0.249242587698945,0.999999988893761
2.77259075986048e-08,0.499220741766661,0.25077986534755,0.499998785771578,0.249221348880872,0.999999988582503
2.85042632085343e-08,0.499198873727732,0.250801767942763,0.499998716659009,0.249199515398227,0.999999988262538
2.93044697697214e-08,0.499176392453877,0.250824285738978,0.499998643614291,0.249177070646731,0.999999987933622
3.01271407088116e-08,0.499153280767998,0.250847436025094,0.499998566413816,0.24915399756109,0.999999987595506
3.09729066733141e-08,0.499129521012982,0.250871236576381,0.499998484821272,0.249130278602346,0.999999987247934
3.18424160150466e-08,0.499105095038347,0.250895705668193,0.499998398586919,0.249105895744888,0.999999986890642
3.27363352871525e-08,0.499079984186527,0.25092086209006,0.499998307446825,0.249080830463115,0.99999998652336
3.36553497550709e-08,0.499054169278781,0.250946725160187,0.499998211122064,0.249055063717748,0.999999986145808
3.46001639218511e-08,0.499027630600705,0.250973314740364,0.499998109317863,0.249028575941773,0.999999985757702
3.55715020682138e-08,0.499000347887359,0.25100065125129,0.499998001722702,0.249001347026008,0.999999985358748
3.65701088077749e-08,0.498972300307975,0.251028755688341,0.499997888007366,0.248973356304292,0.999999984948643
3.75967496578547e-08,0.498943466450252,0.251057649637777,0.499997767823941,0.248944582538282,0.999999984527078
3.86522116263126e-08,0.498913824304215,0.25108735529341,0.49999764080475,0.24891500390184,0.999999984093734
3.97373038148561e-08,0.498883351245635,0.251117895473746,0.499997506561236,0.248884597965017,0.999999983648282
4.08528580392857e-08,0.498852024018998,0.251149293639615,0.499997364682775,0.24885334167761,0.999999983190388
4.19997294671531e-08,0.498819818719999,0.251181573912289,0.499997214735425,0.248821211352286,0.999999982719705
4.31787972733202e-08,0.498786710777567,0.251214761092131,0.499997056260606,0.248788182647264,0.999999982235877
4.43909653139217e-08,0.498752674935393,0.251248880677758,0.499996888773698,0.248754230548543,0.999999981738539
4.56371628192476e-08,0.498717685232957,0.251283958885757,0.499996711762573,0.24871932935167,0.999999981227317
4.6918345106078e-08,0.498681714986035,0.251320022670952,0.499996524686026,0.248683452643022,0.999999980701825
4.82354943100147e-08,0.498644736766678,0.251357099747254,0.499996326972135,0.24864657328061,0.999999980161667
4.95896201383721e-08,0.498606722382641,0.251395218609101,0.499996118016515,0.248608663374384,0.999999979606436
5.09817606442043e-08,0.49856764285626,0.251434408553499,0.499995897180482,0.248569694266019,0.999999979035714
5.24129830220606e-08,0.498527468402748,0.251474699702698,0.499995663789108,0.248529636508193,0.999999978449072
5.38843844260822e-08,0.498486168407905,0.251516123027511,0.499995417129169,0.24848845984332,0.999999977846069
5.5397092811064e-08,0.498443711405226,0.251558710371287,0.499995156446974,0.248446133181739,0.999999977226252
5.69522677971282e-08,0.498400065052385,0.251602494474577,0.499994880946076,0.248402624579347,0.999999976589154
5.85511015586724e-08,0.498355196107085,0.25164750900049,0.499994589784851,0.248357901214659,0.999999975934298
6.01948197382727e-08,0.498309070402254,0.251693788560777,0.499994282073938,0.248311929365285,0.999999975261192
6.18846823862438e-08,0.498261652820575,0.251741368742655,0.499993956873539,0.248264674383806,0.999999974569332
6.3621984926575e-08,0.498212907268326,0.251790286136391,0.499993613190566,0.248216100673044,0.999999973858199
6.54080591499826e-08,0.498162796648518,0.251840578363672,0.49999324997562,0.248166171660707,0.999999973127261
6.72442742348425e-08,0.498111282833307,0.251892284106786,0.499992866119815,0.248114849773399,0.99999997237597
6.91320377967813e-08,0.498058326635674,0.251945443138624,0.499992460451405,0.248062096409971,0.999999971603765
7.10727969677341e-08,0.498003887780336,0.252000096353548,0.499992031732233,0.248007871914219,0.999999970810069
7.30680395052951e-08,0.497947924873885,0.252056285799127,0.499991578653975,0.247952135546897,0.999999969994289
7.51192949332097e-08,0.497890395374128,0.252114054708784,0.499991099834176,0.24789484545704,0.999999969155815
7.72281357138864e-08,0.497831255558605,0.252173447535366,0.499990593812058,0.247835958652576,0.999999968294024
7.93961784538228e-08,0.497770460492274,0.252234509985678,0.499990059044096,0.247775430970226,0.999999967408273
8.16250851428724e-08,0.497707963994333,0.252297289055995,0.499989493899343,0.247713217044662,0.999999966497903
8.39165644283016e-08,0.497643718604166,0.252361833068586,0.499988896654495,0.247649270276919,0.999999965562235
8.62723729246145e-08,0.497577675546379,0.252428191709285,0.499988265488673,0.247583542802042,0.999999964600577
8.8694316560147e-08,0.497509784694917,0.252496416066125,0.499987598477917,0.247515985455959,0.999999963612211
9.11842519614656e-08,0.497439994536238,0.252566558669077,0.499986893589369,0.247446547741554,0.999999962596406
9.374408787663e-08,0.497368252131507,0.252638673530928,0.49998614867513,0.247375177793942,0.999999961552409
9.63757866384109e-08,0.497294503077806,0.25271281618931,0.499985361465768,0.247301822344922,0.999999960479447
9.90813656685867e-08,0.49721869146832,0.252789043749946,0.499984529563469,0.247226426686585,0.999999959376726
1.01862899024469e-07,0.497140759851489,0.252867414931112,0.499983650434799,0.247148934634089,0.999999958243431
1.04722518988844e-07,0.497060649189086,0.252947990109385,0.499982721403058,0.247069288487557,0.999999957078725
1.07662417704549e-07,0.496978298813213,0.25303083136668,0.499981739640215,0.246987428993106,0.99999995588175
1.10684848854941e-07,0.49689364638217,0.25311600253864,0.499980702158379,0.246903295302981,0.999999954651624
1.13792129391531e-07,0.496806627835194,0.253203569264403,0.499979605800805,0.246816824934792,0.999999953387443
1.16986641310131e-07,0.496717177346016,0.253293599037791,0.499978447232386,0.246727953729824,0.999999952088276
1.20270833476851e-07,0.496625227275236,0.253386161259954,0.499977222929619,0.246636615810427,0.99999995075317
1.23647223505371e-07,0.496530708121467,0.253481327293526,0.499975929170013,0.24654274353646,0.999999949381147
1.27118399686903e-07,0.496433548471231,0.25357917051832,0.499974562020899,0.246446267460782,0.999999947971203
1.30687022974335e-07,0.496333674947583,0.253679766388609,0.499973117327617,0.246347116283775,0.999999946522306
1.34355829022083e-07,0.496231012157422,0.253783192492053,0.499971590701049,0.246245216806897,0.999999945033398
1.38127630283201e-07,0.496125482637476,0.253889528610297,0.499969977504454,0.246140493885249,0.999999943503394
1.42005318165368e-07,0.49601700679892,0.253998856781298,0.499968272839565,0.246032870379137,0.999999941931179
1.45991865247398e-07,0.495905502870604,0.254111261363436,0.49996647153192,0.245922267104644,0.999999940315612
1.50090327557974e-07,0.495790886840865,0.254226829101448,0.499964568115373,0.245808602783179,0.999999938655519
1.54303846918356e-07,0.495673072397885,0.254345649194243,0.499962556815744,0.245691793990013,0.999999936949697
1.58635653350859e-07,0.495551970868572,0.254467813364647,0.499960431533562,0.245571755101791,0.999999935196911
1.63089067554933e-07,0.495427491155936,0.25459341593114,0.499958185825849,0.245448398243012,0.999999933395896
1.6766750345277e-07,0.495299539674922,0.254722553881631,0.499955812886894,0.245321633231475,0.999999931545353
1.72374470806362e-07,0.495168020286683,0.254855326949335,0.499953305527965,0.2451913675227,0.99999992964395
1.77213577908036e-07,0.495032834231247,0.254991837690805,0.499950656155895,0.2450575061533,0.99999992769032
1.82188534346517e-07,0.494893880058571,0.255132191566188,0.499947856750482,0.24491995168333,0.999999925683063
1.87303153850643e-07,0.494751053557923,0.255276497021756,0.499944898840643,0.244778604137602,0.999999923620742
1.9256135721292e-07,0.494604247685593,0.255424865574781,0.499941773479254,0.244633360945966,0.999999921501882
1.97967175295133e-07,0.494453352490883,0.255577411900819,0.499938471216598,0.244484116882584,0.999999919324975
2.03524752118358e-07,0.494298255040358,0.255734253923466,0.499934982072352,0.244330764004182,0.999999917088471
2.09238348039698e-07,0.494138839340327,0.255895512906655,0.499931295506037,0.244173191587309,0.999999914790783
2.15112343018217e-07,0.49397498625752,0.256061313549563,0.499927400385833,0.244011286064604,0.999999912430284
2.21151239972549e-07,0.493806573437951,0.2562317840842,0.499923284955698,0.243844930960102,0.999999910005305
2.27359668232772e-07,0.493633475223918,0.256407056375748,0.499918936800668,0.243674006823584,0.999999907514137
2.33742387089181e-07,0.493455562569138,0.256587266025727,0.49991434281027,0.243498391164003,0.999999904955029
2.40304289440697e-07,0.493272702951972,0.256772552478065,0.499909489139927,0.243317958382008,0.999999902326186
2.47050405545683e-07,0.493084760286731,0.256963059128141,0.499904361170257,0.243132579701603,0.999999899625768
2.53985906878073e-07,0.492891594833035,0.25715893343489,0.499898943464151,0.242942123100959,0.999999896851891
2.61116110091746e-07,0.492693063103206,0.257360327036034,0.499893219721521,0.242746453242445,0.999999894002626
2.68446481096197e-07,0.492489017767673,0.257567395866538,0.499887172731577,0.242545431401885,0.999999891075996
2.75982639246618e-07,0.492279307558379,0.25778030028036,0.499880784322522,0.242338915397118,0.999999888069976
2.83730361651621e-07,0.492063777170165,0.257999205175576,0.499874035308518,0.242126759515906,0.999999884982494
2.91695587601879e-07,0.491842267160126,0.258224280122984,0.499866905433781,0.241908814443235,0.999999881811427
2.99884423123102e-07,0.491614613844928,0.258455699498241,0.499859373313662,0.241684927188096,0.999999878554602
3.08303145656828e-07,0.49138064919607,0.258693642617655,0.49985141637255,0.241454941009795,0.999999875209795
3.16958208872612e-07,0.491140200733098,0.258938293877686,0.499843010778431,0.241218695343883,0.99999987177473
3.25856247615323e-07,0.490893091414761,0.259189842898269,0.49983413137394,0.240976025727791,0.999999868247077
3.35004082991314e-07,0.490639139528108,0.259448484670033,0.499824751603718,0.240726763726249,0.999999864624453
3.44408727597382e-07,0.49037815857555,0.259714419705509,0.499814843437883,0.240470736856608,0.999999860904418
3.54077390896527e-07,0.490109957159867,0.259987854194423,0.499804377291419,0.240207768514158,0.999999857084479
3.64017484744614e-07,0.489834338867211,0.260269000163148,0.499793321939283,0.239937677897569,0.999999853162085
3.74236629072198e-07,0.489551102148083,0.260558075638416,0.499781644427002,0.239660279934583,0.999999849134627
3.84742657725851e-07,0.489260040196355,0.260855304815378,0.499769309976533,0.239375385208089,0.999999844999438
3.9554362447347e-07,0.488960940826325,0.261160918230092,0.499756281887166,0.239082799882742,0.999999840753793
4.06647809178186e-07,0.488653586347873,0.261475152936529,0.499742521431196,0.238782325632275,0.999999836394904
4.18063724145576e-07,0.488337753439746,0.26179825268819,0.499727987744128,0.238473759567682,0.999999831919926
4.2980012064908e-07,0.488013213021035,0.262130468124397,0.499712637709137,0.238156894166466,0.999999827325948
4.41865995638594e-07,0.48767973012089,0.262472056961359,0.499696425835501,0.23783151720314,0.999999822610002
4.54270598637404e-07,0.48733706374656,0.262823284188086,0.499679304130708,0.237497411681207,0.999999817769052
4.67023438832733e-07,0.486984966749817,0.263184422267208,0.49966122196595,0.237154355766842,0.999999812800001
4.80134292365345e-07,0.486623185691867,0.263555751340798,0.499642125934669,0.236802122724533,0.999999807699687
4.93613209823792e-07,0.486251460706844,0.26393755944124,0.499621959703831,0.236440480854929,0.999999802464884
5.07470523949047e-07,0.485869525363993,0.264330142707214,0.499600663857586,0.2360691934352,0.999999797092299
5.21716857555435e-07,0.485477106528669,0.264733805604852,0.499578175732959,0.23568801866219,0.999999791578574
5.36363131673925e-07,0.485073924222298,0.265148861154104,0.499554429247197,0.235296709598699,0.999999785920285
5.5142057392403e-07,0.484659691481434,0.265575631160368,0.499529354716396,0.234895014123236,0.99999978011394
5.66900727120743e-07,0.484234114216099,0.266014446451398,0.499502878665007,0.234482674883595,0.999999774155981
5.82815458123084e-07,0.483796891067578,0.266465647119515,0.499474923625814,0.234059429254671,0.999999768042784
5.99176966931061e-07,0.48334771326588,0.266929582769139,0.499445407929962,0.233625009300899,0.999999761770653
6.15997796038017e-07,0.482886264487078,0.267406612769627,0.499414245486591,0.233179141743782,0.999999755335831
6.33290840045511e-07,0.482412220710779,0.267897106513401,0.499381345551641,0.232721547934958,0.999999748734488
6.51069355548147e-07,0.481925250077986,0.268401443679337,0.499346612485353,0.23225194383531,0.999999741962728
6.69346971295867e-07,0.481425012749643,0.268920014501361,0.499309945497992,0.231770040000647,0.999999735016591
6.88137698641567e-07,0.480911160766159,0.269453220042181,0.49927123838332,0.231275541574499,0.999999727892047
7.07455942281988e-07,0.480383337908283,0.270001472472065,0.499230379239304,0.230768148288631,0.999999720584999
7.27316511300145e-07,0.479841179559668,0.270565195352554,0.499187250175556,0.23024755447189,0.999999713091288
7.47734630517758e-07,0.479284312571535,0.271144823924963,0.499141727007003,0.229713449068034,0.999999705406685
7.68725952166374e-07,0.47871235512987,0.271740805403514,0.499093678933231,0.229165515663254,0.999999697526901
7.90306567886135e-07,0.478124916625613,0.272353599272883,0.499042968203007,0.22860343252411,0.99999968944758
8.12493021061405e-07,0.477521597528343,0.272983677589953,0.498989449763407,0.228026872646639,0.999999681164309
8.35302319502679e-07,0.476901989263994,0.273631525289486,0.49893297089304,0.227435503817474,0.999999672672608
8.58751948484518e-07,0.47626567409719,0.274297640493411,0.498873370818797,0.226828988687791,0.999999663967943
8.82859884149515e-07,0.475612225018809,0.274982534823385,0.498810480315612,0.226206984861003,0.99999965504572
9.07644607288536e-07,0.474941205639456,0.275686733716207,0.498744121288673,0.22556914499512,0.999999645901288
9.33125117507824e-07,0.474252170089556,0.276410776741658,0.49867410633757,0.224915116920771,0.999999636529946
9.59320947793823e-07,0.473544662926828,0.277155217922245,0.498600238301854,0.224244543775902,0.999999626926939
9.86252179486878e-07,0.47281821905197,0.277920626054281,0.498522309787498,0.223557064158221,0.999999617087465
1.01393945767529e-06,0.472072363633419,0.278707585029687,0.498440102673789,0.222852312296524,0.999999607006677
1.04240400702156e-06,0.47130661204213,0.279516694157788,0.498353387600164,0.222129918242047,0.999999596679682
1.07166764803286e-06,0.470520469797362,0.280348568486346,0.498261923432584,0.22138950808107,0.999999586101551
1.10175281378839e-06,0.469713432524532,0.281203839120955,0.498165456709026,0.22063070417002,0.999999575267319
1.13268256713615e-06,0.468884985926268,0.282083153541854,0.498063721063755,0.219853125394391,0.999999564171988
1.16448061837269e-06,0.46803460576785,0.282987175917122,0.497956436630057,0.219056387452821,0.999999552810534
1.19717134341897e-06,0.467161757878313,0.28391658741109,0.497843309421193,0.218240103167717,0.999999541177911
1.23077980250667e-06,0.466265898168569,0.284872086486739,0.497724030689384,0.217403882823877,0.999999529269054
1.26533175938894e-06,0.465346472667944,0.285854389200688,0.497598276262735,0.216547334536577,0.999999517078886
1.30085370109057e-06,0.464402917580667,0.286864229489304,0.497465705860059,0.215670064650637,0.999999504602325
1.3373728582125e-06,0.463434659363875,0.287902359444274,0.497325962383701,0.214771678172025,0.999999491834286
1.37491722580642e-06,0.462441114828832,0.288969549575898,0.49717867119054,0.213851779233563,0.999999478769693
1.4135155848354e-06,0.4614216912671,0.290066589062157,0.497023439341485,0.212909971596358,0.999999465403481
1.4531975242369e-06,0.46037578660354,0.291194285981497,0.496859854829926,0.211945859188577,0.999999451730606
1.49399346360526e-06,0.459302789578074,0.292353467527055,0.496687485789743,0.210959046683203,0.999999437746055
1.5359346765109e-06,0.458202079958248,0.293544980199927,0.49650587968365,0.209949140116423,0.999999423444846
1.57905331447418e-06,0.457073028784735,0.294769689978835,0.49631456247286,0.208915747548305,0.999999408822049
1.62338243161228e-06,0.455914998651994,0.296028482463391,0.496113037769231,0.207858479767378,0.999999393872785
1.66895600997803e-06,0.454727344026411,0.297322262987928,0.495900785971322,0.20677695104075,0.99999937859224
1.71580898561001e-06,0.453509411604334,0.298651956702665,0.495677263386003,0.205670779911332,0.999999362975676
1.76397727531405e-06,0.452260540712491,0.300018508618724,0.495441901337571,0.204539590043705,0.99999934701844
1.8134978041965e-06,0.450980063753403,0.301422883613303,0.495194105266588,0.203383011120109,0.999999330715976
1.86440853397049e-06,0.449667306698444,0.302866066391044,0.494933253821025,0.202200679787931,0.999999314063837
1.91674849205681e-06,0.448321589631306,0.3043490613974,0.494658697942587,0.200992240660013,0.9999992970577
1.9705578015018e-06,0.446942227344705,0.305872892679525,0.49436975995154,0.199757347368935,0.999999279693373
2.02587771173502e-06,0.44552852999319,0.307438603689959,0.494065732633701,0.19849566367634,0.999999261966814
2.08275063019052e-06,0.444079803805039,0.309047257028092,0.493745878333738,0.197206864638169,0.999999243874145
2.14122015481573e-06,0.442595351856183,0.310699934114135,0.493409428059364,0.195890637826501,0.999999225411661
2.20133110749303e-06,0.44107447490923,0.312397734790025,0.493055580601492,0.194546684608484,0.999999206575853
2.26312956839953e-06,0.439516472320579,0.314141776841431,0.492683501675981,0.193174721482588,0.999999187363418
2.32666291133146e-06,0.437920643018703,0.315933195434741,0.492292323093111,0.191774481472148,0.999999167771279
2.39197984002024e-06,0.436286286556589,0.317773142462652,0.491881141961518,0.19034571557583,0.999999147796599
2.45913042546804e-06,0.434612704241324,0.319662785791704,0.491449019933944,0.188888194274352,0.999999127436801
2.5281661443315e-06,0.432899200343739,0.321603308404882,0.490994982502758,0.18740170909236,0.999999106689582
2.59913991838293e-06,0.431145083390913,0.323595907432148,0.490518018353878,0.185886074213975,0.999999085552937
2.67210615507944e-06,0.429349667544243,0.325641793061567,0.490017078788381,0.184341128150052,0.999999064025172
2.74712078927081e-06,0.427512274065582,0.327742187323521,0.489491077221793,0.182766735454685,0.999999042104927
2.82424132607844e-06,0.425632232873809,0.329898322740332,0.488938888771718,0.18116278848795,0.999999019791191
2.90352688497781e-06,0.423708884193887,0.332111440833512,0.488359349945201,0.179529209221287,0.999998997083329
2.98503824511873e-06,0.421741580300243,0.334382790480807,0.4877512584379,0.177865951081293,0.999998973981091
3.06883789191764e-06,0.419729687355922,0.336713626115171,0.487113373057814,0.176173000827015,0.999998950484646
3.15499006495809e-06,0.417672587348619,0.339105205757867,0.486444413787028,0.174450380455105,0.999998926594588
3.24356080723581e-06,0.415569680124219,0.341558788878019,0.485743061995524,0.172698149126457,0.999998902311965
3.33461801578637e-06,0.413420385518002,0.344075634071127,0.485007960821744,0.17091640510713,0.999998877638297
3.42823149373397e-06,0.411224145583074,0.346656996549377,0.484237715735097,0.169105287715525,0.999998852575595
3.52447300380159e-06,0.40898042691499,0.349304125436951,0.483430895296118,0.167264979266931,0.999998827126381
3.62341632332315e-06,0.406688723070791,0.352018260864052,0.482586032130315,0.165395707005633,0.999998801293707
3.72513730080021e-06,0.404348557079938,0.354800630854018,0.481701624132086,0.163497745013895,0.999998775081175
3.82971391404628e-06,0.401959484043765,0.357652447998636,0.480776135915198,0.161571416086166,0.999998748492954
3.93722632996347e-06,0.399521093819134,0.360574905917689,0.479808000526354,0.159617093555957,0.999998721533796
4.04775696599732e-06,0.397033013781016,0.363569175499858,0.478795621438253,0.157635203061889,0.999998694209055
4.16139055331671e-06,0.394494911657599,0.366636400923317,0.477737374838169,0.155626224238514,0.999998666524704
4.27821420176762e-06,0.391906498430415,0.369777695455799,0.476631612227572,0.153590692316629,0.999998638487341
4.39831746665023e-06,0.389267531290745,0.372994137035492,0.475476663347527,0.151529199616981,0.999998610104214
4.5217924173707e-06,0.386577816642272,0.376286763635943,0.47427083944357,0.149442396920487,0.999998581383223
4.64873370802026e-06,0.383837213138631,0.379656568420135,0.473012436882468,0.147330994697397,0.999998552332932
4.7792386499356e-06,0.381045634743082,0.383104494691094,0.471699741131648,0.145195764177257,0.99999852296258
4.91340728629636e-06,0.37820305379613,0.386631430648791,0.470331031110158,0.143037538241051,0.999998493282083
5.05134246881677e-06,0.375309504075434,0.390238203965693,0.468904583917746,0.140857212116561,0.999998463302042
5.19314993659021e-06,0.372365083830878,0.393925576196104,0.467418679946035,0.13865574385786,0.999998433033738
5.33893839714736e-06,0.369369958776214,0.397694237037393,0.465871608372785,0.136434154589821,0.999998402489138
5.48881960978968e-06,0.366324365017241,0.401544798464329,0.46426167303686,0.134193528498811,0.999998371680887
5.64290847126254e-06,0.363228611895084,0.405477788761,0.462587198687833,0.131935012551167,0.999998340622302
5.80132310383338e-06,0.360083084721823,0.409493646478153,0.460846537600048,0.129659815921799,0.999998309327362
5.96418494584246e-06,0.3568882473845,0.413592714347224,0.459038076536552,0.127369209116224,0.999998277810696
6.13161884479577e-06,0.353644644792433,0.41777523318579,0.457160244043554,0.125064522770656,0.99999824608757
6.30375315307127e-06,0.350352905141868,0.42204133583261,0.455211518051044,0.122747146116346,0.99999821417386
6.48071982631197e-06,0.347013741971241,0.426391041153798,0.453190433749922,0.120418525096281,0.999998182086037
6.66265452458115e-06,0.34362795597985,0.430824248164872,0.451095591710556,0.118080160124572,0.999998149841138
6.84969671635745e-06,0.340196436582499,0.43534073031646,0.448925666202083,0.115733603481457,0.999998117456735
7.0419897854493e-06,0.336720163172765,0.439940129994138,0.446679413666194,0.113380456339668,0.999998084950904
7.23968114091088e-06,0.333200206067921,0.444621953285301,0.444355681293557,0.111022365421143,0.999998052342189
7.44292233004376e-06,0.329637727109347,0.449385565067818,0.441953415645671,0.108661019286512,0.99999801964956
7.65186915457082e-06,0.326033979893425,0.454230184476689,0.439471671259771,0.10629814426354,0.999997986892371
7.86668179007157e-06,0.322390309609477,0.459154880805681,0.436909619169684,0.103935500024635,0.999997954090313
8.08752490877046e-06,0.318708152463339,0.464158569901025,0.434266555271271,0.101574874827704,0.999997921263368
8.31456780577206e-06,0.31498903466761,0.469240011103644,0.431541908457492,0.0992180804388641,0.999997888431751
8.54798452884042e-06,0.311234570982493,0.474397804794873,0.428735248445268,0.0968669467598589,0.999997855615863
8.78795401182133e-06,0.307446462794498,0.479630390598329,0.425846293214345,0.094523316187326,0.999997822836228
9.03466021181053e-06,0.303626495723988,0.484936046287323,0.422874915977378,0.0921890377352992,0.999997790113436
9.2882922501725e-06,0.299776536756684,0.490312887443021,0.41982115160059,0.0898659609563886,0.999997757468087
9.54904455751808e-06,0.295898530898701,0.495758867903481,0.416685202395636,0.0875559297008832,0.999997724920722
9.81711702275218e-06,0.291994497359442,0.501271781037626,0.413467443205863,0.0852607757565104,0.99999769249177
1.00927151463057e-05,0.288066525271633,0.506849261871354,0.410168425714025,0.0829823124146207,0.999997660201477
1.03760501976691e-05,0.284116768962935,0.512488790085258,0.406788881903613,0.0807223280111286,0.99999762806985
1.06673393773486e-05,0.280147442798723,0.518187693895052,0.403329726612448,0.0784825794924994,0.999997596116594
1.09668059833687e-05,0.276160815620825,0.523943154816749,0.399792059124851,0.0762647860583998,0.999997564361047
1.12746795824495e-05,0.272159204812024,0.5297522133092,0.396177163757552,0.0740706229332476,0.999997532822127
1.15911961859889e-05,0.268144970020984,0.535611775276806,0.392486509404419,0.0719017153187743,0.999997501518272
1.19165984309856e-05,0.264120506586752,0.541518619405313,0.38872174801587,0.0697596325788175,0.999997470467387
1.22511357660412e-05,0.260088238706089,0.547469405293714,0.384884712000394,0.0676458827058922,0.999997439686786
1.25950646425836e-05,0.256050612390473,0.553460682335696,0.380977410547663,0.0655619071166413,0.999997409193154
1.2948648711459e-05,0.252010088262623,0.559488899294836,0.377002024885082,0.0635090758200826,0.999997379002493
1.33121590250431e-05,0.247969134244742,0.565550414509201,0.372960902492113,0.0614886829986859,0.999997349130084
1.36858742450252e-05,0.243930218192286,0.571641506653234,0.368856550308961,0.0595019430378051,0.999997319590451
1.40700808560269e-05,0.239895800527977,0.57775838597797,0.364691626988107,0.0575499870339237,0.999997290397327
1.44650733852165e-05,0.235868326930852,0.583897205944949,0.360468934248399,0.0556338598066523,0.999997261563627
1.48711546280895e-05,0.231850221134435,0.590054075164683,0.356191407401765,0.0537545174335524,0.999997233101425
1.52886358805873e-05,0.227843877886704,0.596225069547346,0.351862105131899,0.0519128253207545,0.999997205021935
1.57178371777316e-05,0.223851656122274,0.602406244571572,0.347484198612308,0.0501095568161201,0.999997177335497
1.61590875389592e-05,0.21987587239436,0.608593647576768,0.343060960057744,0.0483453923654882,0.999997150051572
1.66127252203429e-05,0.215918794610543,0.614783329985367,0.338595750808182,0.0466209192064516,0.999997123178731
1.70790979738943e-05,0.211982636112307,0.620971359363651,0.334092009048085,0.0449366315882646,0.999997096724664
1.75585633141447e-05,0.208069550133785,0.627153831233398,0.329553237265634,0.0432929315009676,0.999997070696179
1.80514887922111e-05,0.204181624670241,0.63332688055126,0.324982989556999,0.0416901298917413,0.999997045099213
1.85582522775552e-05,0.200320877781694,0.639486692778549,0.320384858879514,0.0401284483419372,0.999997019938848
1.90792422476527e-05,0.196489253351751,0.645629514470743,0.315762464355013,0.0386080211742444,0.999996995219324
1.96148580857943e-05,0.192688617316351,0.651751663323382,0.311119438720533,0.0371288979560846,0.999996970944061
2.01655103872475e-05,0.188920754371823,0.657849537618969,0.306459416018414,0.0356910463626164,0.999996947115682
2.07316212740123e-05,0.18518736516643,0.663919625027817,0.301786019611507,0.0342943553606759,0.999996923736041
2.13136247184144e-05,0.181490063974627,0.669958510724345,0.297102850602055,0.0329386386735999,0.999996900806249
2.19119668757815e-05,0.17783037684859,0.675962884788949,0.292413476724921,0.0316236384861296,0.999996878326706
