1e-09,0.499972623001753,0.250027377766872,0.499999998462749,0.249972623770379,0.999999999205024
1.02807322383086e-09,0.499971850872468,0.250028149939558,0.499999998375949,0.249971851684493,0.999999999182707
1.05693455355799e-09,0.499971057063634,0.250028943794253,0.499999998284227,0.249971057921521,0.999999999159764
1.0866061138546e-09,0.499970240966444,0.250029759939905,0.499999998187301,0.249970241872794,0.999999999136177
1.11711065050482e-09,0.499969401954989,0.250030599002572,0.499999998084876,0.249969402912551,0.999999999111927
1.14847154784029e-09,0.499968539385776,0.250031461625904,0.49999999797664,0.249968540397455,0.999999999086997
1.18071284666619e-09,0.499967652597233,0.250032348471636,0.499999997862263,0.249967653666102,0.999999999061367
1.21385926269063e-09,0.499966740909206,0.250033260220097,0.499999997741394,0.249966742038509,0.999999999035018
1.24793620547131e-09,0.499965803622432,0.250034197570735,0.499999997613666,0.249965804815599,0.999999999007928
1.28296979789415e-09,0.499964840018001,0.250035161242655,0.499999997478688,0.249964841278657,0.999999998980079
1.31898689619867e-09,0.499963849356808,0.250036151975168,0.499999997336048,0.249963850688784,0.999999998951447
1.35601511056563e-09,0.499962830878983,0.250037170528362,0.49999999718531,0.249962832286328,0.999999998922013
1.39408282628258e-09,0.499961783803304,0.250038217683689,0.499999997026014,0.249961785290296,0.999999998891751
1.43321922550358e-09,0.499960707326601,0.250039294244562,0.499999996857674,0.249960708897765,0.99999999886064
1.47345430961984e-09,0.49995960062314,0.250040401036974,0.499999996679774,0.249959602283253,0.999999998828656
1.51481892225835e-09,0.499958462843981,0.250041538910134,0.499999996491771,0.249958464598095,0.999999998795774
1.55734477292614e-09,0.499957293116333,0.250042708737122,0.499999996293091,0.249957294969787,0.999999998761969
1.60106446131832e-09,0.49995609054288,0.250043911415557,0.499999996083126,0.249956092501317,0.999999998727215
1.64601150230855e-09,0.499954854201092,0.250045147868291,0.499999995861235,0.249954856270474,0.999999998691486
1.69222035164104e-09,0.499953583142514,0.250046419044116,0.499999995626739,0.249953585329144,0.999999998654754
1.7397264323438e-09,0.499952276392039,0.2500477259185,0.499999995378921,0.249952278702579,0.999999998616991
1.78856616188346e-09,0.499950932947159,0.25004906949433,0.499999995117024,0.249950935388647,0.999999998578167
1.83877698008233e-09,0.499949551777188,0.250050450802689,0.499999994840246,0.249949554357065,0.999999998538254
1.89039737781922e-09,0.499948131822479,0.250051870903651,0.49999999454774,0.249948134548609,0.99999999849722
1.94346692653602e-09,0.499946671993602,0.250053330887092,0.499999994238613,0.249946674874295,0.999999998455035
1.99802630857255e-09,0.499945171170506,0.250054831873535,0.499999993911918,0.249945174214547,0.999999998411665
2.05411734835306e-09,0.499943628201663,0.250056375015009,0.499999993566656,0.249943631418335,0.999999998367079
2.11178304444824e-09,0.499942041903176,0.250057961495938,0.499999993201771,0.249942045302291,0.99999999832124
2.17106760253726e-09,0.499940411057872,0.250059592534055,0.499999992816145,0.249940414649799,0.999999998274115
2.23201646929523e-09,0.499938734414363,0.250061269381337,0.4999999924086,0.249938738210063,0.999999998225667
2.29467636723194e-09,0.499937010686086,0.250062993324971,0.499999991977886,0.249937014697143,0.99999999817586
2.35909533050864e-09,0.499935238550308,0.250064765688349,0.499999991522687,0.249935242788965,0.999999998124654
2.42532274176036e-09,0.499933416647114,0.250066587832082,0.499999991041608,0.24993342112631,0.99999999807201
2.49340936995188e-09,0.499931543578355,0.250068461155057,0.499999990533177,0.249931548311767,0.99999999801789
2.56340740929651e-09,0.499929617906574,0.250070387095507,0.499999989995836,0.249929622908656,0.99999999796225
2.63537051926739e-09,0.4999276381539,0.250072367132129,0.499999989427942,0.249927643439929,0.999999997905048
2.70935386573205e-09,0.499925602800906,0.250074402785217,0.499999988827754,0.249925608387029,0.999999997846241
2.78541416324176e-09,0.499923510285444,0.250076495617838,0.499999988193435,0.249923516188727,0.999999997785783
2.86360971850811e-09,0.499921359001439,0.250078647237041,0.499999987523042,0.249921365239918,0.999999997723628
2.94400047510004e-09,0.499919147297649,0.25008085929509,0.499999986814521,0.249919153890389,0.999999997659729
3.0266480593957e-09,0.4999168734764,0.250083133490749,0.499999986065702,0.249916880443549,0.999999997594036
3.11161582782436e-09,0.49991453579227,0.250085471570585,0.499999985274291,0.249914543155124,0.999999997526499
3.19896891543454e-09,0.499912132450748,0.25008787533032,0.499999984437864,0.249912140231816,0.999999997457067
3.28877428582551e-09,0.499909661606852,0.250090346616219,0.499999983553858,0.249909669829924,0.999999997385686
3.38110078248068e-09,0.499907121363703,0.250092887326516,0.499999982619563,0.249907130053921,0.999999997312301
3.47601918154197e-09,0.499904509771062,0.250095499412879,0.499999981632117,0.249904518955004,0.999999997236857
3.57360224606578e-09,0.499901824823832,0.25009818488192,0.499999980588494,0.249901834529585,0.999999997159295
3.67392478180208e-09,0.499899064460506,0.250100945796747,0.499999979485496,0.249899074717758,0.999999997079556
3.77706369453937e-09,0.499896226561575,0.250103784278555,0.49999997831974,0.249896237401705,0.999999996997579
3.88309804905961e-09,0.499893308947901,0.250106702508272,0.499999977087655,0.249893320404073,0.999999996913302
3.99210912974805e-09,0.499890309379026,0.250109702728243,0.499999975785462,0.249890321486294,0.999999996826659
4.10418050290471e-09,0.499887225551448,0.250112787243967,0.499999974409171,0.249887238346862,0.999999996737584
4.21939808080502e-09,0.499884055096841,0.250115958425878,0.49999997295456,0.249884068619561,0.999999996646009
4.33785018755898e-09,0.499880795580229,0.250119218711186,0.499999971417171,0.249880809871643,0.999999996551864
4.45962762681909e-09,0.499877444498098,0.250122570605757,0.499999969792288,0.249877459601954,0.999999996455077
4.58482375138911e-09,0.499873999276473,0.250126016686063,0.499999968074929,0.249874015239008,0.999999996355573
4.71353453478692e-09,0.499870457268917,0.250129559601169,0.499999966259828,0.249870474139003,0.999999996253278
4.8458586448165e-09,0.499866815754498,0.250133202074795,0.499999964341416,0.24986683358379,0.99999999614811
4.98189751920517e-09,0.499863071935675,0.250136946907421,0.499999962313809,0.24986309077877,0.999999996039992
5.12175544336424e-09,0.499859222936142,0.250140796978463,0.499999960170789,0.249859242850747,0.999999995928839
5.26553963033276e-09,0.499855265798602,0.250144755248508,0.499999957905781,0.249855286845711,0.999999995814567
5.41336030296538e-09,0.499851197482477,0.250148824761606,0.499999955511835,0.249851219726559,0.999999995697088
5.56533077842764e-09,0.499847014861557,0.250153008647639,0.499999952981608,0.249847038370754,0.999999995576311
5.72156755506324e-09,0.499842714721583,0.25015731012475,0.499999950307334,0.249842739567916,0.999999995452146
5.88219040169997e-09,0.499838293757753,0.250161732501843,0.499999947480809,0.249838320017349,0.999999995324496
6.04732244946265e-09,0.499833748572167,0.250166279181154,0.499999944493357,0.249833776325489,0.999999995193264
6.21709028616383e-09,0.499829075671196,0.250170953660899,0.49999994133581,0.249829105003291,0.999999995058349
6.39162405334401e-09,0.49982427146277,0.250175759537991,0.499999937998477,0.249824302463532,0.999999994919648
6.57105754603627e-09,0.4998193322536,0.250180700510843,0.499999934471114,0.249819365018043,0.999999994777054
6.75552831533164e-09,0.499814254246309,0.250185780382245,0.499999930742893,0.249814288874863,0.999999994630459
6.94517777382369e-09,0.499809033536492,0.250191003062324,0.499999926802367,0.249809070135309,0.999999994479751
7.14015130401339e-09,0.499803666109685,0.250196372571596,0.49999992263744,0.249803704790965,0.999999994324814
7.3405983697572e-09,0.499798147838247,0.250201893044092,0.499999918235322,0.249798188720586,0.999999994165528
7.5466726308439e-09,0.499792474478161,0.250207568730591,0.499999913582496,0.249792517686913,0.999999994001774
7.75853206078784e-09,0.499786641665734,0.250213404001928,0.499999908664674,0.249786687333397,0.999999993833424
7.97633906792928e-09,0.49978064491421,0.250219403352413,0.499999903466753,0.249780693180834,0.999999993660351
8.20026061993413e-09,0.49977447961028,0.250225571403337,0.499999897972766,0.249774530623896,0.999999993482421
8.43046837178897e-09,0.499768141010497,0.250231912906584,0.499999892165839,0.249768194927577,0.999999993299498
8.66713879738922e-09,0.499761624237588,0.250238432748345,0.499999886028133,0.249761681223522,0.999999993111443
8.9104533248215e-09,0.499754924276659,0.250245135952945,0.499999879540791,0.249754984506264,0.999999992918112
9.16059847544369e-09,0.49974803597129,0.250252027686769,0.499999872683882,0.249748099629349,0.999999992719356
9.41776600686954e-09,0.499740954019519,0.250259113262313,0.499999865436336,0.249741021301351,0.999999992515024
9.6821530599671e-09,0.499733672969715,0.250266398142344,0.499999857775881,0.249733744081775,0.999999992304958
9.95396230998424e-09,0.499726187216327,0.250273887944186,0.499999849678975,0.249726262376839,0.999999992088999
1.02334021219164e-08,0.499718490995511,0.250281588444124,0.499999841120731,0.249718570435145,0.999999991866981
1.05206867102362e-08,0.499710578380637,0.250289505581942,0.499999832074842,0.249710662343216,0.999999991638735
1.08160363031071e-08,0.499702443277664,0.250297645465586,0.4999998225135,0.249702532020914,0.999999991404084
1.1119677311207e-08,0.499694079420374,0.250306014375971,0.499999812407309,0.24969417321672,0.999999991162851
1.14318425012915e-08,0.499685480365487,0.250314618771915,0.499999801725196,0.249685579502889,0.99999999091485
1.17527711746295e-08,0.499676639487615,0.25032346529523,0.499999790434311,0.24967674427046,0.999999990659893
1.20827093504478e-08,0.499667549974084,0.25033256077595,0.499999778499931,0.249667660724119,0.999999990397782
1.24219099545262e-08,0.499658204819605,0.250341912237721,0.499999765885349,0.24965832187693,0.99999999012832
1.27706330130864e-08,0.499648596820782,0.250351526903336,0.499999752551763,0.249648720544901,0.999999989851298
1.31291458521247e-08,0.499638718570477,0.250361412200446,0.499999738458154,0.2496388493414,0.999999989566505
1.34977233023394e-08,0.499628562451995,0.250371575767425,0.499999723561159,0.249628700671416,0.999999989273724
1.38766479098131e-08,0.499618120633116,0.250382025459415,0.499999707814939,0.249618266725647,0.999999988972731
1.42662101526074e-08,0.499607385059942,0.25039276935454,0.499999691171036,0.249607539474424,0.999999988663295
1.46667086634397e-08,0.499596347450575,0.250403815760313,0.499999673578224,0.249596510661463,0.999999988345179
1.50784504586105e-08,0.499584999288604,0.250415173220221,0.499999654982349,0.24958517179743,0.999999988018142
1.55017511733577e-08,0.499573331816412,0.250426850520507,0.499999635326163,0.249573514153331,0.999999987681932
1.59369353038178e-08,0.499561336028276,0.250438856697152,0.499999614549144,0.249561528753704,0.999999987336292
1.63843364557798e-08,0.499549002663281,0.250451201043062,0.499999592587313,0.249549206369624,0.999999986980959
1.68442976004231e-08,0.499536322198014,0.250463893115469,0.499999569373034,0.249536537511497,0.999999986615661
1.73171713372335e-08,0.499523284839056,0.250476942743544,0.4999995448348,0.249523512421656,0.999999986240118
1.78033201643011e-08,0.499509880515248,0.250490360036243,0.499999518897019,0.249510121066739,0.999999985854044
1.83031167562061e-08,0.499496098869734,0.250504155390378,0.499999491479775,0.249496353129847,0.999999985457144
1.88169442497056e-08,0.499481929251773,0.250518339498937,0.499999462498581,0.249482198002482,0.999999985049114
1.93451965374404e-08,0.499467360708305,0.250532923359637,0.499999431864117,0.249467644776247,0.999999984629643
1.98882785698881e-08,0.499452381975281,0.250547918283742,0.499999399481953,0.249452682234305,0.99999998419841
2.04466066657912e-08,0.499436981468728,0.250563335905144,0.499999365252257,0.249437298842599,0.999999983755086
2.10206088313016e-08,0.499421147275555,0.250579188189704,0.499999329069483,0.249421482740813,0.999999983299332
2.16107250880838e-08,0.499404867144094,0.250595487444885,0.499999290822043,0.249405221733072,0.999999982830801
2.22174078106288e-08,0.499388128474355,0.250612246329663,0.499999250391964,0.249388503278373,0.999999982349134
2.28411220730383e-08,0.499370918308001,0.25062947786474,0.499999207654518,0.249371314480742,0.999999981853964
2.34823460055428e-08,0.499353223318018,0.250647195443066,0.499999162477833,0.249353642079101,0.999999981344912
2.41415711610302e-08,0.49933502979809,0.250665412840666,0.499999114722488,0.249335472436846,0.999999980821591
2.48193028918626e-08,0.499316323651655,0.250684144227809,0.499999064241072,0.249316791531119,0.9999999802836
2.55160607372719e-08,0.499297090380635,0.250703404180499,0.499999010877733,0.249297584941768,0.99999997973053
2.62323788216312e-08,0.499277315073833,0.250723207692323,0.499998954467687,0.24927783783999,0.999999979161958
2.69688062639069e-08,0.499256982394991,0.250743570186656,0.499998894836705,0.249257534976639,0.99999997857745
2.77259075986048e-08,0.499236076570482,0.250764507529231,0.499998831800573,0.249236660670196,0.999999977976562
2.85042632085343e-08,0.499214581376644,0.250786036041098,0.499998765164516,0.249215198794386,0.999999977358833
2.93044697697214e-08,0.499192480126732,0.250808172511974,0.499998694722587,0.249193132765438,0.999999976723794
3.01271407088116e-08,0.499169755657483,0.250830934214001,0.499998620257032,0.249170445528967,0.999999976070959
3.09729066733141e-08,0.499146390315274,0.250854338915925,0.499998541537601,0.249147119546474,0.999999975399832
3.18424160150466e-08,0.499122365941872,0.25087840489771,0.499998458320835,0.249123136781454,0.999999974709901
3.27363352871525e-08,0.499097663859746,0.250903150965603,0.499998370349303,0.249098478685094,0.99999997400064
3.36553497550709e-08,0.499072264856948,0.250928596467656,0.499998277350793,0.249073126181551,0.999999973271508
3.46001639218511e-08,0.499046149171531,0.250954761309735,0.499998179037469,0.249047059652796,0.99999997252195
3.55715020682138e-08,0.499019296475498,0.250981665972022,0.49999807510496,0.249020258923018,0.999999971751396
3.65701088077749e-08,0.498991685858267,0.251009331526026,0.499997965231413,0.248992703242561,0.999999970959257
3.75967496578547e-08,0.498963295809634,0.251037779652126,0.499997849076481,0.248964371271393,0.999999970144932
3.86522116263126e-08,0.498934104202214,0.251067032657659,0.499997726280256,0.248935241062086,0.9999999693078
3.97373038148561e-08,0.498904088273357,0.251097113495574,0.499997596462139,0.248905290042288,0.999999968447224
4.08528580392857e-08,0.498873224606506,0.251128045783672,0.499997459219645,0.248874494996683,0.999999967562548
4.19997294671531e-08,0.498841489111982,0.251159853824448,0.499997314127141,0.248842832048412,0.999999966653101
4.31787972733202e-08,0.498808857007191,0.251192562625559,0.499997160734499,0.248810276639942,0.99999996571819
4.43909653139217e-08,0.498775302796215,0.251226197920941,0.49999699856569,0.24877680351337,0.999999964757104
4.56371628192476e-08,0.498740800248773,0.251260786192589,0.499996827117275,0.248742386690136,0.999999963769113
4.6918345106078e-08,0.498705322378547,0.251296354693041,0.499996645856825,0.248706999450135,0.999999962753465
4.82354943100147e-08,0.49866884142082,0.25133293146856,0.49999645422124,0.2486706143102,0.999999961709389
4.95896201383721e-08,0.498631328809435,0.251370545383081,0.499996251614968,0.248633203001951,0.999999960636091
5.09817606442043e-08,0.498592755153032,0.251409226142904,0.499996037408128,0.248594736448968,0.999999959532756
5.24129830220606e-08,0.498553090210547,0.251449004322194,0.499995810934517,0.248555184743289,0.999999958398547
5.38843844260822e-08,0.498512302865945,0.251489911389305,0.4999955714895,0.248514517121195,0.999999957232601
5.5397092811064e-08,0.498470361102164,0.251531979733945,0.499995318327781,0.248472701938273,0.999999956034036
5.69522677971282e-08,0.49842723197424,0.251575242695241,0.499995050661038,0.248429706643721,0.99999995480194
5.85511015586724e-08,0.498382881581586,0.251619734590703,0.499994767655424,0.248385497753874,0.99999995353538
6.01948197382727e-08,0.498337275039398,0.251665490746145,0.499994468428915,0.24834004082494,0.999999952233395
6.18846823862438e-08,0.498290376449155,0.251712547526589,0.499994152048511,0.2482933004249,0.999999950894998
6.3621984926575e-08,0.498242148868185,0.251760942368183,0.499993817527263,0.248245240104553,0.999999949519176
6.54080591499826e-08,0.498192554278255,0.251810713811178,0.499993463821133,0.248195822367689,0.999999948104885
6.72442742348425e-08,0.498141553553171,0.251861901533999,0.49999308982566,0.248145008640341,0.999999946651054
6.91320377967813e-08,0.498089106425326,0.251914546388454,0.499992694372439,0.248092759239107,0.999999945156585
7.10727969677341e-08,0.498035171451187,0.251968690436121,0.499992276225383,0.248039033338496,0.999999943620344
7.30680395052951e-08,0.49797970597566,0.252024376985953,0.499991834076774,0.247983788937273,0.999999942041171
7.51192949332097e-08,0.497922666095306,0.25208165063316,0.499991366543067,0.247926982823773,0.999999940417872
7.72281357138864e-08,0.497864006620366,0.252140557299403,0.499990872160461,0.247868570540135,0.999999938749219
7.93961784538228e-08,0.497803681035547,0.252201144274356,0.499990349380194,0.24780850634545,0.999999937033952
8.16250851428724e-08,0.497741641459529,0.252263460258688,0.499989796563566,0.247746743177746,0.999999935270775
8.39165644283016e-08,0.497677838603144,0.252327555408525,0.499989211976662,0.247683232614813,0.999999933458358
8.62723729246145e-08,0.497612221726181,0.252393481381436,0.499988593784767,0.247617924833797,0.999999931595334
8.8694316560147e-08,0.497544738592762,0.252461291384017,0.499987940046443,0.24755076856954,0.999999929680296
9.11842519614656e-08,0.497475335425242,0.252531040221132,0.499987248707251,0.247481711071617,0.999999927711802
9.374408787663e-08,0.497403956856578,0.252602784346868,0.499986517593107,0.247410698060025,0.999999925688369
9.63757866384109e-08,0.4973305458811,0.252676581917285,0.49998574440323,0.247337673679485,0.999999923608473
9.90813656685867e-08,0.49725504380364,0.252752492845023,0.499984926702674,0.247262580452303,0.999999921470548
1.01862899024469e-07,0.497177390186948,0.252830578855845,0.499984061914414,0.247185359229741,0.999999919272987
1.04722518988844e-07,0.497097522797326,0.252910903547198,0.499983147310951,0.24710594914185,0.999999917014138
1.07662417704549e-07,0.497015377548425,0.252993532448868,0.499982180005415,0.247024287545717,0.999999914692302
1.10684848854941e-07,0.496930888443121,0.253078533085812,0.499981156942134,0.246940309972054,0.999999912305738
1.13792129391531e-07,0.496843987513411,0.253165975043273,0.499980074886632,0.246853950070095,0.999999909852653
1.16986641310131e-07,0.496754604758233,0.253255930034254,0.499978930415026,0.24676513955072,0.999999907331208
1.20270833476851e-07,0.496662668079151,0.253348471969461,0.499977719902777,0.246673808127762,0.999999904739515
1.23647223505371e-07,0.496568103213805,0.253443677029813,0.499976439512764,0.246579883457423,0.999999902075631
1.27118399686903e-07,0.496470833667047,0.253541623741636,0.499975085182635,0.24648329107573,0.999999899337562
1.30687022974335e-07,0.496370780639667,0.253642393054643,0.499973652611381,0.246383954333976,0.999999896523262
1.34355829022083e-07,0.496267862954616,0.25374606842283,0.499972137245107,0.246281794332062,0.999999893630627
1.38127630283201e-07,0.496161996980626,0.253852735888412,0.499970534261923,0.246176729849665,0.999999890657498
1.42005318165368e-07,0.49605309655312,0.253962484168921,0.499968838555917,0.246068677275162,0.999999887601654
1.45991865247398e-07,0.495941072892302,0.254075404747625,0.499967044720146,0.245957550532229,0.99999988446082
1.50090327557974e-07,0.495825834518317,0.254191591967389,0.499965147028588,0.245843261004023,0.999999881232655
1.54303846918356e-07,0.49570728716336,0.254311143128149,0.499963139416981,0.24572571745487,0.999999877914756
1.58635653350859e-07,0.4955853336806,0.254434158588158,0.499961015462483,0.245604825949359,0.999999874504657
1.63089067554933e-07,0.495459873949801,0.254560741869159,0.49995876836208,0.245480489768761,0.999999870999824
1.6766750345277e-07,0.495330804779488,0.254690999765681,0.499956390909663,0.245352609324657,0.999999867397657
1.72374470806362e-07,0.49519801980553,0.254825042458634,0.499953875471673,0.245221082069693,0.999999863695485
1.77213577908036e-07,0.495061409385969,0.254962983633404,0.499951213961253,0.245085802405343,0.999999859890566
1.82188534346517e-07,0.494920860491959,0.255104940602652,0.499948397810776,0.244946661586571,0.999999855980084
1.87303153850643e-07,0.494776256594624,0.255251034434038,0.499945417942676,0.244803547623286,0.999999851961152
1.9256135721292e-07,0.494627477547681,0.255401390083099,0.49994226473844,0.244656345178461,0.999999847830801
1.97967175295133e-07,0.494474399465636,0.255556136531525,0.499938928005677,0.244504935462798,0.999999843585986
2.03524752118358e-07,0.494316894597365,0.255715406931081,0.499935396943108,0.244349196125811,0.999999839223583
2.09238348039698e-07,0.494154831194865,0.255879338753456,0.499931660103359,0.244189001143185,0.999999834740382
2.15112343018217e-07,0.49398807337699,0.256048073946307,0.499927705353405,0.244024220700288,0.999999830133091
2.21151239972549e-07,0.493816480987923,0.256221759095818,0.499923519832518,0.243854721071664,0.999999825398331
2.27359668232772e-07,0.493639909450165,0.256400545596062,0.499919089907546,0.243680364496393,0.999999820532633
2.33742387089181e-07,0.493458209611798,0.256584589825527,0.499914401125351,0.243501009049122,0.99999981553244
2.40304289440697e-07,0.493271227587751,0.256774053331139,0.499909438162221,0.24331650850664,0.9999998103941
2.47050405545683e-07,0.493078804594816,0.256969103020162,0.499904184770043,0.243126712209795,0.999999805113867
2.53985906878073e-07,0.492880776780121,0.257169911360362,0.499898623719034,0.242931464920604,0.999999799687896
2.61116110091746e-07,0.492676975042753,0.25737665658885,0.499892736736794,0.242730606674356,0.999999794112246
2.68446481096197e-07,0.492467224848237,0.257589522930051,0.499886504443423,0.242523972626525,0.999999788382871
2.75982639246618e-07,0.492251346035521,0.257808700823249,0.499879906282461,0.24231139289429,0.999999782495623
2.83730361651621e-07,0.492029152616134,0.258034387160197,0.499872920447337,0.242092692392466,0.999999776446247
2.91695587601879e-07,0.491800452565142,0.258266785533334,0.499865523803049,0.241867690663617,0.999999770230378
2.99884423123102e-07,0.491565047603519,0.258506106495114,0.499857691802733,0.241636201702153,0.999999763843544
3.08303145656828e-07,0.491322732971541,0.258752567829075,0.499849398398769,0.241398033772157,0.999999757281154
3.16958208872612e-07,0.49107329719275,0.259006394833215,0.499840615948069,0.241152989218716,0.999999750538506
3.25856247615323e-07,0.490816521828075,0.259267820616368,0.499831315111114,0.240900864272518,0.999999743610777
3.35004082991314e-07,0.490552181219603,0.259537086408231,0.499821464744334,0.240641448847436,0.999999736493025
3.44408727597382e-07,0.490280042223536,0.25981444188379,0.499811031785349,0.240374526330861,0.999999729180183
3.54077390896527e-07,0.489999863931784,0.260100145502923,0.499799981130587,0.240099873366491,0.999999721667059
3.64017484744614e-07,0.489711397381663,0.260394464865974,0.499788275504725,0.239817259629301,0.999999713948334
3.74236629072198e-07,0.489414385253107,0.260697677086193,0.499775875321401,0.239526447592406,0.999999706018558
3.84742657725851e-07,0.489108561552786,0.261010069179937,0.499762738534553,0.23922719228551,0.999999697872147
3.9554362447347e-07,0.488793651284502,0.261331938475626,0.499748820479743,0.238919241044631,0.999999689503382
4.06647809178186e-07,0.488469370105158,0.261663593042475,0.499734073704735,0.238602333252791,0.999999680906408
4.18063724145576e-07,0.488135423965614,0.262005352140106,0.499718447788559,0.238276200071335,0.999999672075226
4.2980012064908e-07,0.487791508735676,0.2623575466902,0.499701889148248,0.237940564161552,0.999999663003698
4.41865995638594e-07,0.487437309812411,0.262720519771423,0.499684340832332,0.237595139396244,0.99999965368554
4.54270598637404e-07,0.487072501710987,0.263094627138938,0.49966574230015,0.237239630560912,0.99999964411432
4.67023438832733e-07,0.486696747637143,0.263480237769891,0.499646029185932,0.236873733044177,0.999999634283456
4.80134292365345e-07,0.486309699040374,0.26387773443635,0.499625133046552,0.236497132517098,0.999999624186217
4.93613209823792e-07,0.485910995146877,0.264287514307257,0.499602981091732,0.236109504601011,0.999999613815717
5.07470523949047e-07,0.485500262471232,0.264709989581059,0.499579495895418,0.235710514523523,0.999999603164913
5.21716857555435e-07,0.485077114305751,0.265145588150786,0.499554595086926,0.235299816762288,0.999999592226608
5.36363131673925e-07,0.484641150186387,0.265594754303434,0.499528191020359,0.234877054676208,0.999999580993443
5.5142057392403e-07,0.484191955334011,0.266057949455661,0.499500190420656,0.234441860123683,0.999999569457901
5.66900727120743e-07,0.483729100069841,0.266535652927887,0.499470494004544,0.233993853067569,0.999999557612299
5.82815458123084e-07,0.483252139203718,0.267028362759046,0.499438996074474,0.233532641166481,0.999999545448796
5.99176966931061e-07,0.482760611393882,0.267536596564354,0.499405584083527,0.233057819352119,0.999999532959383
6.15997796038017e-07,0.48225403847684,0.268060892438629,0.499370138169061,0.232568969392309,0.999999520135887
6.33290840045511e-07,0.481731924765827,0.268601809907804,0.499332530652736,0.232065659439459,0.999999506969969
6.51069355548147e-07,0.481193756316346,0.26915993093149,0.499292625504329,0.231547443564181,0.999999493453127
6.69346971295867e-07,0.480639000157149,0.269735860959564,0.499250277766573,0.231013861273862,0.999999479576689
6.88137698641567e-07,0.480067103485019,0.270330230045975,0.499205332938012,0.230464437016013,0.999999465331822
7.07455942281988e-07,0.479477492821587,0.270943694023103,0.49915762631062,0.229898679666277,0.999999450709526
7.27316511300145e-07,0.478869573130409,0.271576935740242,0.499106982258698,0.22931608200106,0.999999435700639
7.47734630517758e-07,0.478242726892441,0.272230666369943,0.499053213475233,0.228716120154824,0.999999420295837
7.68725952166374e-07,0.47759631313799,0.272905626786189,0.498996120151643,0.228098253062168,0.999999404485638
7.90306567886135e-07,0.4769296664332,0.27360258901856,0.498935489096481,0.227461921884959,0.999999388260403
8.12493021061405e-07,0.47624209581905,0.274322357786796,0.498871092788308,0.226806549424896,0.999999371610341
8.35302319502679e-07,0.475532883700841,0.275065772120371,0.498802688357575,0.226131539522054,0.999999354525511
8.58751948484518e-07,0.474801284686104,0.275833707067927,0.498730016491937,0.225436276440136,0.999999336995831
8.82859884149515e-07,0.474046524368874,0.276627075501641,0.498652800258969,0.224720124239389,0.999999319011078
9.07644607288536e-07,0.473267798058272,0.277446830021835,0.498570743839786,0.223982426138379,0.999999300560902
9.33125117507824e-07,0.47246426944938,0.278293964967349,0.498483531166542,0.223222503866108,0.999999281634828
9.59320947793823e-07,0.471635069234449,0.279169518537421,0.49839082445626,0.222439657006319,0.999999262222265
9.86252179486878e-07,0.470779293652593,0.280074575031001,0.498292262632812,0.221633162336186,0.999999242312519
1.01393945767529e-06,0.469896002976224,0.281010267209626,0.498187459628301,0.220802273162074,0.999999221894805
1.04240400702156e-06,0.468984219932719,0.281977778790097,0.498076002554369,0.219946218655534,0.999999200958256
1.07166764803286e-06,0.468042928059987,0.282978347073356,0.497957449733313,0.21906420319333,0.999999179491939
1.10175281378839e-06,0.467071069994987,0.28401326571597,0.497831328578085,0.218155405705944,0.999999157484874
1.13268256713615e-06,0.466067545694572,0.285083887650662,0.497697133309532,0.217218979039806,0.999999134926047
1.16448061837269e-06,0.465031210588579,0.286191628162237,0.497554322498368,0.216254049339394,0.999999111804436
1.19717134341897e-06,0.463960873665654,0.287337968125059,0.497402316418574,0.215259715456367,0.999999088109028
1.23077980250667e-06,0.46285529549306,0.288524457407937,0.497240494198005,0.214235048394058,0.999999063828848
1.26533175938894e-06,0.4617131861726,0.289752718451818,0.497068190751163,0.213179090797018,0.999999038952982
1.30085370109057e-06,0.460533203235872,0.291024450025038,0.496884693478178,0.212090856496783,0.999999013470615
1.3373728582125e-06,0.459313949483395,0.292341431160013,0.496689238713184,0.210969330126803,0.999998987371055
1.37491722580642e-06,0.458053970773653,0.293705525274112,0.496481007904471,0.209813466821418,0.999998960643777
1.4135155848354e-06,0.456751753770008,0.295118684475979,0.496259123508026,0.208622192015995,0.999998933278462
1.4531975242369e-06,0.455405723655574,0.29658295405672,0.496022644575411,0.207394401367869,0.999998905265042
1.49399346360526e-06,0.454014241828778,0.298100477163009,0.495770562016426,0.206128960820565,0.999998876593748
1.5359346765109e-06,0.452575603595341,0.299673499646316,0.495501793516685,0.204824706836998,0.999998847255163
1.57905331447418e-06,0.451088035876029,0.301304375078876,0.495215178090189,0.203480446830935,0.999998817240287
1.62338243161228e-06,0.449549694953675,0.302995569922692,0.494909470247267,0.202094959830041,0.999998786540592
1.66895600997803e-06,0.447958664287871,0.304749668832616,0.494583333759026,0.200666997408358,0.999998755148103
1.71580898561001e-06,0.4463129524314,0.306569380068215,0.494235335000769,0.199195284931016,0.999998723055466
1.76397727531405e-06,0.444610491089022,0.308457540981543,0.49386393585887,0.197678523159587,0.999998690256038
1.8134978041965e-06,0.442849133366827,0.310417123538883,0.49346748618858,0.196115390272537,0.999998656743973
1.86440853397049e-06,0.441026652269066,0.312451239823805,0.493044215814257,0.194504544361938,0.999998622514324
1.91674849205681e-06,0.439140739509311,0.314563147456202,0.492592226068974,0.192844626474824,0.999998587563151
1.9705578015018e-06,0.437189004714162,0.316756254847077,0.492109480877523,0.1911342642754,0.999998551887632
2.02587771173502e-06,0.435168975110548,0.319034126191479,0.491593797395947,0.189372076412574,0.999998515486192
2.08275063019052e-06,0.433078095802109,0.321400486081789,0.491042836232203,0.187556677686008,0.999998478358635
2.14122015481573e-06,0.430913730756316,0.323859223600213,0.490454091286944,0.185686685112844,0.999998440506289
2.20133110749303e-06,0.428673164641839,0.326414395722612,0.489824879271097,0.183760725006291,0.999998401932158
2.26312956839953e-06,0.426353605675346,0.329070229835361,0.489152328978585,0.181777441186054,0.99999836264109
2.32666291133146e-06,0.423952189658106,0.33183112513254,0.488433370418709,0.179735504448751,0.999998322639947
2.39197984002024e-06,0.421465985405537,0.334701652622422,0.487664723944082,0.177633623433496,0.999998281937793
2.45913042546804e-06,0.418892001796582,0.337686553429822,0.486842889547193,0.175470557022985,0.999998240546083
2.5281661443315e-06,0.416227196694095,0.340790735034756,0.485964136542298,0.173245128422946,0.999998198478871
2.59913991838293e-06,0.413468488011494,0.344019265038535,0.485024493899941,0.170956241061524,0.999998155753014
2.67210615507944e-06,0.410612767223493,0.347377361996827,0.48401974155936,0.168602896443812,0.999998112388391
2.74712078927081e-06,0.407656915638492,0.350870382806814,0.482945403109387,0.166184214083798,0.99999806840812
2.82424132607844e-06,0.404597823764974,0.354503806084507,0.481796740301037,0.163699453614455,0.99999802383878
2.90352688497781e-06,0.401432414111677,0.35828321092141,0.480568749933826,0.161148039144764,0.999997978710628
2.98503824511873e-06,0.398157667758262,0.362214250371025,0.479256163741427,0.158529585887548,0.999997933057807
3.06883789191764e-06,0.3947706550159,0.366302618990112,0.477853451987975,0.155843929021912,0.99999788691855
3.15499006495809e-06,0.391268570461489,0.370554013753375,0.476354831570272,0.153091154676353,0.999997840335355
3.24356080723581e-06,0.387648772570083,0.374974087680913,0.474754279498007,0.150271632821079,0.999997793355142
3.33461801578637e-06,0.383908828082629,0.379568395573959,0.473045552686825,0.147386051739217,0.999997746029376
3.42823149373397e-06,0.380046561124942,0.384342331355774,0.471222215038569,0.144435453605657,0.999997698414142
3.52447300380159e-06,0.37606010693442,0.389301056671318,0.469277672788524,0.141421270540158,0.999997650570171
3.62341632332315e-06,0.371947969849837,0.394449420621081,0.467205219058165,0.138345360320754,0.999997602562807
3.72513730080021e-06,0.367709084975071,0.399791870799866,0.464998088450127,0.135210040750008,0.999997554461883
3.82971391404628e-06,0.363342882641628,0.405332356185624,0.462649522345496,0.13201812146888,0.999997506341536
3.93722632996347e-06,0.358849354473062,0.411074222877339,0.460152845299198,0.128772931823463,0.9999974582799
4.04775696599732e-06,0.354229119508324,0.417020104208103,0.457501552567146,0.125478343224751,0.999997410358715
4.16139055331671e-06,0.349483488488298,0.423171807344466,0.454689408334472,0.122138784321062,0.999997362662815
4.27821420176762e-06,0.344614524074871,0.42953019909945,0.451710553651358,0.118759247249192,0.999997315279503
4.39831746665023e-06,0.33962509448579,0.436095094296029,0.448559622436362,0.115345283267609,0.999997268297814
4.5217924173707e-06,0.334518917827288,0.442865150570336,0.445231863204753,0.111902986224911,0.99999722180767
4.64873370802026e-06,0.329300594328358,0.449837773939919,0.441723263463445,0.108438962596636,0.999997175898937
4.7792386499356e-06,0.323975623761947,0.457009039717712,0.438030673040682,0.104960287241606,0.99999713066041
4.91340728629636e-06,0.318550405608439,0.464373633364489,0.434151922054144,0.101474444581367,0.999997086178734
5.05134246881677e-06,0.313032219991827,0.471924815589681,0.430085928836984,0.0979892555733351,0.999997042537307
5.19314993659021e-06,0.307429188096306,0.479654415401074,0.42583279300524,0.094512791593686,0.999996999815184
5.33893839714736e-06,0.301750211625893,0.487552853865985,0.421393869016243,0.0910532771177712,0.999996958086032
5.48881960978968e-06,0.29600489185325,0.495609200113403,0.416771816066694,0.0876189838199028,0.999996917417162
5.64290847126254e-06,0.290203429846115,0.503811259649331,0.41197062100911,0.0842181193415599,0.999996877868677
5.80132310383338e-06,0.284356510475723,0.512145693480306,0.406995592087943,0.0808587144317514,0.999996839492768
5.96418494584246e-06,0.278475173710995,0.520598164970571,0.401853322636869,0.0775485123925602,0.999996802333185
6.13161884479577e-06,0.272570677401418,0.529153509932404,0.396551625332358,0.0742948647352388,0.999996766424896
6.30375315307127e-06,0.266654356184807,0.537795924293214,0.391099439043958,0.0711046366628278,0.999996731793943
6.48071982631197e-06,0.260737481285309,0.546509162897091,0.385506711635201,0.0679841254677084,0.999996698457496
6.66265452458115e-06,0.254831125786476,0.5552767426428,0.379784263141447,0.0649389942157531,0.999996666424087
6.84969671635745e-06,0.248946039501002,0.564082143248227,0.373943634501542,0.0619742222502316,0.999996635694022
7.0419897854493e-06,0.243092536867339,0.572908999430091,0.36799692740514,0.0590940731647692,0.999996606259915
7.23968114091088e-06,0.237280400457297,0.581741279125907,0.361956640833591,0.0563020800405015,0.999996578107352
7.44292233004376e-06,0.231518801759256,0.590563443464315,0.355835509552856,0.0536010469828281,0.99999655121563
7.65186915457082e-06,0.22581623998748,0.599360585400598,0.349646349223845,0.0509930653755575,0.999996525558539
7.86668179007157e-06,0.220180498826566,0.608118545169224,0.343401912008421,0.0484795428223549,0.999996501105179
8.08752490877046e-06,0.214618620301349,0.616824001872136,0.33711475565303,0.0460612424748346,0.99999647782076
8.31456780577206e-06,0.209136894397091,0.62546454154944,0.330797128106939,0.0437383303436211,0.999996455667379
8.54798452884042e-06,0.203740862653977,0.634028702922774,0.324460868846498,0.041510428230728,0.999996434604758
8.78795401182133e-06,0.198435333719253,0.64250600263986,0.318117327281775,0.0393766700783653,0.99999641459092
9.03466021181053e-06,0.193224408742884,0.650886942281809,0.311777297950614,0.0373357597675777,0.999996395582801
9.2882922501725e-06,0.188111514524511,0.659162999638766,0.305450971673445,0.0353860286877891,0.99999637753679
9.54904455751808e-06,0.183099442432958,0.667326606841097,0.299147901451891,0.0335254917070119,0.999996360409205
9.81711702275218e-06,0.178190391297345,0.675371117884559,0.292876981636191,0.0317519004792498,0.999996344156694
1.00927151463057e-05,0.17338601268583,0.683290767941838,0.286646438744663,0.0300627933134983,0.999996328736567
1.03760501976691e-05,0.168687457222985,0.691080626640543,0.280463832272945,0.028455541086512,0.999996314107077
1.06673393773486e-05,0.164095420833213,0.698736547236487,0.274336063860598,0.0269273889029143,0.999996300227627
1.09668059833687e-05,0.159610190023085,0.70625511334296,0.26826939326791,0.0254754933891299,0.99999628705895
1.12746795824495e-05,0.15523168552194,0.713633584608927,0.262269459738265,0.0240969556528077,0.999996274563221
1.15911961859889e-05,0.150959503782872,0.720869842483969,0.256341307466318,0.022788850049713,0.999996262704149
1.19165984309856e-05,0.14679295600311,0.727962336973338,0.250489414047104,0.0215482489795577,0.99999625144703
1.22511357660412e-05,0.142731104454015,0.734910035077454,0.244717720937062,0.0203722439854843,0.999996240758767
1.25950646425836e-05,0.138772796017556,0.741712371428472,0.239029665107944,0.0192579634635843,0.999996230607882
1.2948648711459e-05,0.134916692910564,0.748369201482235,0.233428211214401,0.0182025873033635,0.999996220964493
1.33121590250431e-05,0.131161300642879,0.754880757495657,0.227915883722928,0.0172033587814153,0.999996211800289
1.36858742450252e-05,0.12750499330352,0.761247607415171,0.222494798562617,0.016257594022212,0.999996203088492
1.40700808560269e-05,0.123946036302947,0.767470616718845,0.217166693956416,0.015362689324739,0.999996194803802
1.44650733852165e-05,0.12048260672196,0.773550913190119,0.211932960175841,0.0145161266340399,0.999996186922347
1.48711546280895e-05,0.11711281143106,0.77948985455234,0.2067946680332,0.01371547741446,0.999996179421625
1.52886358805873e-05,0.113834703150171,0.785288998857557,0.201752595984544,0.0129584051578995,0.999996172280435
1.57178371777316e-05,0.110646294619273,0.790950077498224,0.196807255765006,0.0122426667367703,0.999996165478824
1.61590875389592e-05,0.107545571047013,0.796474970694318,0.191958916517337,0.0115661127883448,0.999996158998014
1.66127252203429e-05,0.104530500998077,0.801865685299169,0.187207627405508,0.0109266872953227,0.999996152820347
1.70790979738943e-05,0.101599045871772,0.807124334763489,0.182553238729479,0.0103224265070324,0.999996146929219
1.75585633141447e-05,0.0987491681147621,0.812253121097396,0.177995421575684,0.0097514573269199,0.999996141309021
1.80514887922111e-05,0.0959788383006951,0.817254318673551,0.173533686051508,0.00921199527494085,0.999996135945083
1.85582522775552e-05,0.0932860411990226,0.822130259720102,0.16916739816175,0.0087023421181476,0.999996130823615
1.90792422476527e-05,0.0906687809449682,0.826883321359176,0.164895795391712,0.00822088324911233,0.999996125931656
1.96148580857943e-05,0.0881250854125317,0.831515914054685,0.160718001065567,0.00776608487974806,0.999996121257024
2.01655103872475e-05,0.0856530098828239,0.836030471341832,0.156633037550688,0.00733649110747983,0.999996116788265
2.07316212740123e-05,0.0832506400909813,0.840429440719482,0.152639838379073,0.00693072090144478,0.99999611251461
2.13136247184144e-05,0.0809160947264797,0.844715275595393,0.148737259356255,0.00654746504835216,0.999996108425933
